county,state,Indian_Alaskan,Hawaiian_Pacific,native
Autauga,Alabama,159,32,191
Baldwin,Alabama,1522,9,1531
Barbour,Alabama,72,1,73
Bibb,Alabama,8,0,8
Blount,Alabama,141,18,159
Bullock,Alabama,122,0,122
Butler,Alabama,2,0,2
Calhoun,Alabama,353,9,362
Chambers,Alabama,97,0,97
Cherokee,Alabama,236,0,236
Chilton,Alabama,123,0,123
Choctaw,Alabama,9,0,9
Clarke,Alabama,25,0,25
Clay,Alabama,155,0,155
Cleburne,Alabama,39,0,39
Coffee,Alabama,617,0,617
Colbert,Alabama,367,29,396
Conecuh,Alabama,56,0,56
Coosa,Alabama,9,0,9
Covington,Alabama,58,13,71
Crenshaw,Alabama,109,0,109
Cullman,Alabama,348,3,351
Dale,Alabama,377,4,381
Dallas,Alabama,10,23,33
DeKalb,Alabama,934,621,1555
Elmore,Alabama,209,0,209
Escambia,Alabama,1437,72,1509
Etowah,Alabama,751,66,817
Fayette,Alabama,0,6,6
Franklin,Alabama,488,0,488
Geneva,Alabama,210,4,214
Greene,Alabama,48,0,48
Hale,Alabama,29,0,29
Henry,Alabama,4,0,4
Houston,Alabama,305,18,323
Jackson,Alabama,615,77,692
Jefferson,Alabama,1564,215,1779
Lamar,Alabama,0,0,0
Lauderdale,Alabama,417,61,478
Lawrence,Alabama,1878,24,1902
Lee,Alabama,226,18,244
Limestone,Alabama,853,24,877
Lowndes,Alabama,13,0,13
Macon,Alabama,63,0,63
Madison,Alabama,1975,324,2299
Marengo,Alabama,51,0,51
Marion,Alabama,122,0,122
Marshall,Alabama,389,46,435
Mobile,Alabama,2915,62,2977
Monroe,Alabama,346,0,346
Montgomery,Alabama,414,56,470
Morgan,Alabama,740,48,788
Perry,Alabama,6,0,6
Pickens,Alabama,25,8,33
Pike,Alabama,209,3,212
Randolph,Alabama,51,51,102
Russell,Alabama,165,72,237
St. Clair,Alabama,315,8,323
Shelby,Alabama,468,47,515
Sumter,Alabama,8,0,8
Talladega,Alabama,345,28,373
Tallapoosa,Alabama,130,0,130
Tuscaloosa,Alabama,393,73,466
Walker,Alabama,109,0,109
Washington,Alabama,1227,0,1227
Wilcox,Alabama,22,0,22
Winston,Alabama,93,9,102
Aleutians East Borough,Alaska,1349,25,1374
Aleutians West Census Area,Alaska,651,148,799
Anchorage Municipality,Alaska,21876,6890,28766
Bethel Census Area,Alaska,14927,3,14930
Dillingham Census Area,Alaska,3587,3,3590
Fairbanks North Star Borough,Alaska,7233,561,7794
Haines Borough,Alaska,217,4,221
Hoonah-Angoon Census Area,Alaska,821,3,824
Juneau City and Borough,Alaska,3532,320,3852
Kenai Peninsula Borough,Alaska,4493,194,4687
Ketchikan Gateway Borough,Alaska,2013,5,2018
Kodiak Island Borough,Alaska,1862,90,1952
Kusilvak Census Area,Alaska,7480,2,7482
Matanuska-Susitna Borough,Alaska,5888,226,6114
Nome Census Area,Alaska,7396,43,7439
North Slope Borough,Alaska,5093,175,5268
Northwest Arctic Borough,Alaska,6382,0,6382
Prince of Wales-Hyder Census Area,Alaska,2583,41,2624
Sitka City and Borough,Alaska,1118,8,1126
Southeast Fairbanks Census Area,Alaska,907,2,909
Valdez-Cordova Census Area,Alaska,1188,57,1245
Wrangell City and Borough,Alaska,496,9,505
Yukon-Koyukuk Census Area,Alaska,3820,0,3820
Apache,Arizona,52708,18,52726
Cochise,Arizona,1642,464,2106
Coconino,Arizona,37388,176,37564
Gila,Arizona,8562,20,8582
Graham,Arizona,4808,51,4859
Greenlee,Arizona,436,0,436
La Paz,Arizona,2924,8,2932
Maricopa,Arizona,82699,9405,92104
Mohave,Arizona,4862,509,5371
Navajo,Arizona,48328,87,48415
Pima,Arizona,38200,1610,39810
Pinal,Arizona,20782,1410,22192
Santa Cruz,Arizona,362,0,362
Yavapai,Arizona,3202,226,3428
Yuma,Arizona,2677,128,2805
Arkansas,Arkansas,18,0,18
Ashley,Arkansas,50,0,50
Baxter,Arkansas,130,13,143
Benton,Arkansas,3710,1440,5150
Boone,Arkansas,290,36,326
Bradley,Arkansas,127,0,127
Calhoun,Arkansas,7,10,17
Carroll,Arkansas,188,208,396
Chicot,Arkansas,24,0,24
Clark,Arkansas,86,8,94
Clay,Arkansas,66,0,66
Cleburne,Arkansas,273,0,273
Cleveland,Arkansas,13,0,13
Columbia,Arkansas,87,0,87
Conway,Arkansas,64,0,64
Craighead,Arkansas,480,200,680
Crawford,Arkansas,1237,9,1246
Crittenden,Arkansas,155,76,231
Cross,Arkansas,24,0,24
Dallas,Arkansas,31,15,46
Desha,Arkansas,30,0,30
Drew,Arkansas,18,0,18
Faulkner,Arkansas,493,163,656
Franklin,Arkansas,273,37,310
Fulton,Arkansas,55,5,60
Garland,Arkansas,791,6,797
Grant,Arkansas,33,0,33
Greene,Arkansas,105,40,145
Hempstead,Arkansas,51,50,101
Hot Spring,Arkansas,22,10,32
Howard,Arkansas,27,14,41
Independence,Arkansas,76,7,83
Izard,Arkansas,195,0,195
Jackson,Arkansas,17,7,24
Jefferson,Arkansas,213,0,213
Johnson,Arkansas,45,34,79
Lafayette,Arkansas,21,0,21
Lawrence,Arkansas,47,1,48
Lee,Arkansas,27,0,27
Lincoln,Arkansas,49,0,49
Little River,Arkansas,143,0,143
Logan,Arkansas,228,0,228
Lonoke,Arkansas,434,85,519
Madison,Arkansas,211,59,270
Marion,Arkansas,187,0,187
Miller,Arkansas,477,34,511
Mississippi,Arkansas,28,25,53
Monroe,Arkansas,36,0,36
Montgomery,Arkansas,161,0,161
Nevada,Arkansas,6,1,7
Newton,Arkansas,205,0,205
Ouachita,Arkansas,48,0,48
Perry,Arkansas,63,0,63
Phillips,Arkansas,6,0,6
Pike,Arkansas,75,0,75
Poinsett,Arkansas,54,0,54
Polk,Arkansas,331,0,331
Pope,Arkansas,355,0,355
Prairie,Arkansas,29,0,29
Pulaski,Arkansas,944,170,1114
Randolph,Arkansas,84,0,84
St. Francis,Arkansas,151,0,151
Saline,Arkansas,406,62,468
Scott,Arkansas,248,0,248
Searcy,Arkansas,203,0,203
Sebastian,Arkansas,1644,28,1672
Sevier,Arkansas,364,50,414
Sharp,Arkansas,96,0,96
Stone,Arkansas,63,0,63
Union,Arkansas,391,0,391
Van Buren,Arkansas,120,0,120
Washington,Arkansas,2207,5039,7246
White,Arkansas,275,21,296
Woodruff,Arkansas,0,6,6
Yell,Arkansas,116,0,116
Alameda,California,10712,13768,24480
Amador,California,305,73,378
Butte,California,2885,427,3312
Calaveras,California,492,126,618
Colusa,California,201,53,254
Contra Costa,California,5529,5585,11114
Del Norte,California,2024,17,2041
El Dorado,California,1268,406,1674
Fresno,California,10961,1770,12731
Glenn,California,670,51,721
Humboldt,California,6797,436,7233
Imperial,California,1801,419,2220
Inyo,California,2101,35,2136
Kern,California,9488,1698,11186
Kings,California,2291,337,2628
Lake,California,2426,30,2456
Lassen,California,877,205,1082
Los Angeles,California,70527,27929,98456
Madera,California,2505,169,2674
Marin,California,737,584,1321
Mariposa,California,397,54,451
Mendocino,California,3591,170,3761
Merced,California,1988,623,2611
Modoc,California,298,6,304
Mono,California,527,0,527
Monterey,California,3221,2011,5232
Napa,California,1198,272,1470
Nevada,California,864,154,1018
Orange,California,14466,9442,23908
Placer,California,1890,839,2729
Plumas,California,428,41,469
Riverside,California,19281,6843,26124
Sacramento,California,10340,16715,27055
San Benito,California,422,117,539
San Bernardino,California,17894,6506,24400
San Diego,California,20980,13903,34883
San Francisco,California,2746,2911,5657
San Joaquin,California,4725,4463,9188
San Luis Obispo,California,1900,258,2158
San Mateo,California,2922,10504,13426
Santa Barbara,California,4389,814,5203
Santa Clara,California,9303,7541,16844
Santa Cruz,California,1375,316,1691
Shasta,California,4704,191,4895
Siskiyou,California,1469,149,1618
Solano,California,2114,4113,6227
Sonoma,California,4854,1636,6490
Stanislaus,California,4261,3973,8234
Sutter,California,936,569,1505
Tehama,California,1621,19,1640
Trinity,California,577,158,735
Tulare,California,5469,697,6166
Tuolumne,California,997,134,1131
Ventura,California,7069,1771,8840
Yolo,California,1247,984,2231
Yuba,California,1079,343,1422
Adams,Colorado,6264,598,6862
Alamosa,Colorado,526,65,591
Arapahoe,Colorado,4184,1426,5610
Archuleta,Colorado,192,0,192
Baca,Colorado,57,4,61
Bent,Colorado,72,0,72
Boulder,Colorado,1715,185,1900
Broomfield,Colorado,353,0,353
Chaffee,Colorado,42,0,42
Clear Creek,Colorado,30,7,37
Conejos,Colorado,207,16,223
Costilla,Colorado,80,0,80
Crowley,Colorado,85,0,85
Custer,Colorado,44,0,44
Delta,Colorado,329,0,329
Denver,Colorado,6833,1033,7866
Douglas,Colorado,1075,257,1332
Eagle,Colorado,155,43,198
Elbert,Colorado,222,10,232
El Paso,Colorado,4622,2722,7344
Fremont,Colorado,665,2,667
Garfield,Colorado,404,9,413
Gilpin,Colorado,171,0,171
Grand,Colorado,11,84,95
Gunnison,Colorado,162,22,184
Huerfano,Colorado,115,0,115
Jefferson,Colorado,4162,257,4419
Kit Carson,Colorado,33,38,71
Lake,Colorado,44,31,75
La Plata,Colorado,3435,13,3448
Larimer,Colorado,2322,309,2631
Las Animas,Colorado,506,0,506
Lincoln,Colorado,55,25,80
Logan,Colorado,105,0,105
Mesa,Colorado,1283,410,1693
Moffat,Colorado,104,28,132
Montezuma,Colorado,3248,10,3258
Montrose,Colorado,429,101,530
Morgan,Colorado,112,37,149
Otero,Colorado,293,16,309
Ouray,Colorado,50,4,54
Park,Colorado,291,19,310
Phillips,Colorado,11,0,11
Pitkin,Colorado,22,0,22
Prowers,Colorado,160,0,160
Pueblo,Colorado,6141,65,6206
Rio Blanco,Colorado,39,16,55
Rio Grande,Colorado,306,8,314
Routt,Colorado,150,5,155
Saguache,Colorado,170,0,170
San Miguel,Colorado,42,0,42
Sedgwick,Colorado,17,0,17
Summit,Colorado,75,130,205
Teller,Colorado,110,8,118
Washington,Colorado,14,0,14
Weld,Colorado,2032,280,2312
Yuma,Colorado,51,0,51
Fairfield,Connecticut,2338,487,2825
Hartford,Connecticut,2945,356,3301
Litchfield,Connecticut,356,6,362
Middlesex,Connecticut,264,8,272
New Haven,Connecticut,1540,219,1759
New London,Connecticut,1477,74,1551
Tolland,Connecticut,67,0,67
Windham,Connecticut,711,23,734
Kent,Delaware,1143,59,1202
New Castle,Delaware,1434,182,1616
Sussex,Delaware,878,236,1114
District of Columbia,District of Columbia,1993,340,2333
Alachua,Florida,975,154,1129
Baker,Florida,67,9,76
Bay,Florida,1129,55,1184
Bradford,Florida,104,0,104
Brevard,Florida,1942,492,2434
Broward,Florida,5207,1259,6466
Calhoun,Florida,157,0,157
Charlotte,Florida,464,115,579
Citrus,Florida,449,5,454
Clay,Florida,205,100,305
Collier,Florida,1012,21,1033
Columbia,Florida,220,60,280
DeSoto,Florida,86,46,132
Dixie,Florida,38,21,59
Duval,Florida,2138,687,2825
Escambia,Florida,1505,406,1911
Flagler,Florida,167,14,181
Franklin,Florida,24,63,87
Gadsden,Florida,74,15,89
Gilchrist,Florida,31,0,31
Glades,Florida,532,0,532
Gulf,Florida,59,27,86
Hamilton,Florida,83,0,83
Hardee,Florida,45,21,66
Hendry,Florida,773,0,773
Hernando,Florida,561,25,586
Highlands,Florida,248,15,263
Hillsborough,Florida,4336,904,5240
Holmes,Florida,216,71,287
Indian River,Florida,411,58,469
Jackson,Florida,312,58,370
Jefferson,Florida,77,0,77
Lafayette,Florida,13,187,200
Lake,Florida,1416,201,1617
Lee,Florida,1330,421,1751
Leon,Florida,578,81,659
Levy,Florida,118,0,118
Liberty,Florida,90,0,90
Madison,Florida,70,2,72
Manatee,Florida,965,250,1215
Marion,Florida,976,268,1244
Martin,Florida,826,130,956
Miami-Dade,Florida,4668,751,5419
Monroe,Florida,114,107,221
Nassau,Florida,274,0,274
Okaloosa,Florida,1032,333,1365
Okeechobee,Florida,334,86,420
Orange,Florida,2888,1012,3900
Osceola,Florida,1526,358,1884
Palm Beach,Florida,2402,592,2994
Pasco,Florida,1789,335,2124
Pinellas,Florida,2693,960,3653
Polk,Florida,2189,314,2503
Putnam,Florida,212,8,220
St. Johns,Florida,852,175,1027
St. Lucie,Florida,1063,269,1332
Santa Rosa,Florida,900,442,1342
Sarasota,Florida,698,106,804
Seminole,Florida,954,312,1266
Sumter,Florida,371,44,415
Suwannee,Florida,66,32,98
Taylor,Florida,75,34,109
Union,Florida,111,4,115
Volusia,Florida,2132,168,2300
Wakulla,Florida,38,0,38
Walton,Florida,400,92,492
Washington,Florida,308,112,420
Appling,Georgia,72,0,72
Atkinson,Georgia,60,0,60
Bacon,Georgia,0,25,25
Baker,Georgia,7,20,27
Baldwin,Georgia,140,0,140
Banks,Georgia,67,0,67
Barrow,Georgia,134,6,140
Bartow,Georgia,258,2,260
Ben Hill,Georgia,0,9,9
Berrien,Georgia,91,0,91
Bibb,Georgia,275,63,338
Bleckley,Georgia,9,0,9
Brantley,Georgia,35,3,38
Brooks,Georgia,0,7,7
Bryan,Georgia,162,25,187
Bulloch,Georgia,260,186,446
Burke,Georgia,5,0,5
Butts,Georgia,10,60,70
Calhoun,Georgia,0,0,0
Camden,Georgia,363,64,427
Candler,Georgia,69,0,69
Carroll,Georgia,977,108,1085
Catoosa,Georgia,220,24,244
Charlton,Georgia,245,16,261
Chatham,Georgia,778,370,1148
Chattahoochee,Georgia,37,35,72
Chattooga,Georgia,29,0,29
Cherokee,Georgia,864,118,982
Clarke,Georgia,168,83,251
Clay,Georgia,0,0,0
Clayton,Georgia,571,127,698
Clinch,Georgia,4,0,4
Cobb,Georgia,1737,472,2209
Coffee,Georgia,79,0,79
Colquitt,Georgia,246,9,255
Columbia,Georgia,436,0,436
Cook,Georgia,45,0,45
Coweta,Georgia,307,34,341
Crawford,Georgia,0,0,0
Crisp,Georgia,0,30,30
Dade,Georgia,0,24,24
Dawson,Georgia,12,0,12
Decatur,Georgia,19,0,19
DeKalb,Georgia,5661,269,5930
Dodge,Georgia,2,0,2
Dooly,Georgia,8,0,8
Dougherty,Georgia,194,38,232
Douglas,Georgia,168,1,169
Early,Georgia,9,0,9
Echols,Georgia,82,0,82
Effingham,Georgia,75,24,99
Elbert,Georgia,0,0,0
Emanuel,Georgia,11,0,11
Evans,Georgia,1,0,1
Fannin,Georgia,88,28,116
Fayette,Georgia,276,118,394
Floyd,Georgia,177,0,177
Forsyth,Georgia,415,95,510
Franklin,Georgia,16,0,16
Fulton,Georgia,3837,321,4158
Gilmer,Georgia,523,3,526
Glascock,Georgia,15,2,17
Glynn,Georgia,360,57,417
Gordon,Georgia,468,14,482
Grady,Georgia,133,91,224
Greene,Georgia,0,3,3
Gwinnett,Georgia,3509,269,3778
Habersham,Georgia,45,248,293
Hall,Georgia,472,35,507
Hancock,Georgia,0,14,14
Haralson,Georgia,91,0,91
Harris,Georgia,41,4,45
Hart,Georgia,10,7,17
Heard,Georgia,2,20,22
Henry,Georgia,149,9,158
Houston,Georgia,629,13,642
Irwin,Georgia,13,0,13
Jackson,Georgia,81,8,89
Jasper,Georgia,8,0,8
Jeff Davis,Georgia,0,0,0
Jefferson,Georgia,20,0,20
Jenkins,Georgia,127,0,127
Johnson,Georgia,0,0,0
Jones,Georgia,56,0,56
Lamar,Georgia,19,0,19
Lanier,Georgia,28,0,28
Laurens,Georgia,44,7,51
Lee,Georgia,30,38,68
Liberty,Georgia,285,322,607
Lincoln,Georgia,4,2,6
Long,Georgia,50,95,145
Lowndes,Georgia,335,91,426
Lumpkin,Georgia,203,35,238
McDuffie,Georgia,0,195,195
McIntosh,Georgia,16,20,36
Macon,Georgia,27,1,28
Madison,Georgia,82,0,82
Marion,Georgia,14,36,50
Meriwether,Georgia,30,0,30
Miller,Georgia,45,0,45
Mitchell,Georgia,48,8,56
Monroe,Georgia,52,0,52
Montgomery,Georgia,20,0,20
Morgan,Georgia,37,0,37
Murray,Georgia,46,0,46
Muscogee,Georgia,811,329,1140
Newton,Georgia,323,84,407
Oconee,Georgia,15,2,17
Oglethorpe,Georgia,24,0,24
Paulding,Georgia,468,61,529
Peach,Georgia,32,31,63
Pickens,Georgia,225,13,238
Pierce,Georgia,59,0,59
Pike,Georgia,0,0,0
Polk,Georgia,201,24,225
Pulaski,Georgia,17,0,17
Putnam,Georgia,8,0,8
Rabun,Georgia,91,1,92
Randolph,Georgia,0,0,0
Richmond,Georgia,515,436,951
Rockdale,Georgia,112,319,431
Schley,Georgia,0,0,0
Screven,Georgia,31,0,31
Seminole,Georgia,0,0,0
Spalding,Georgia,282,19,301
Stephens,Georgia,40,2,42
Stewart,Georgia,14,0,14
Sumter,Georgia,23,0,23
Talbot,Georgia,2,0,2
Tattnall,Georgia,85,5,90
Taylor,Georgia,0,0,0
Telfair,Georgia,9,0,9
Terrell,Georgia,10,0,10
Thomas,Georgia,51,16,67
Tift,Georgia,36,14,50
Toombs,Georgia,4,0,4
Towns,Georgia,64,0,64
Treutlen,Georgia,0,0,0
Troup,Georgia,134,0,134
Turner,Georgia,17,0,17
Twiggs,Georgia,0,0,0
Union,Georgia,151,0,151
Upson,Georgia,88,198,286
Walker,Georgia,109,9,118
Walton,Georgia,178,17,195
Ware,Georgia,178,33,211
Warren,Georgia,0,0,0
Washington,Georgia,10,0,10
Wayne,Georgia,44,0,44
Webster,Georgia,5,0,5
Wheeler,Georgia,36,0,36
White,Georgia,162,1,163
Whitfield,Georgia,729,4,733
Wilcox,Georgia,26,0,26
Wilkes,Georgia,0,0,0
Wilkinson,Georgia,10,6,16
Worth,Georgia,77,5,82
Hawaii,Hawaii,849,24600,25449
Honolulu,Hawaii,1508,93947,95455
Kauai,Hawaii,392,6436,6828
Ada,Idaho,2525,908,3433
Adams,Idaho,50,8,58
Bannock,Idaho,2552,174,2726
Bear Lake,Idaho,26,0,26
Benewah,Idaho,867,22,889
Bingham,Idaho,2969,2,2971
Blaine,Idaho,4,89,93
Boise,Idaho,81,5,86
Bonner,Idaho,426,54,480
Bonneville,Idaho,498,159,657
Boundary,Idaho,119,26,145
Butte,Idaho,1,0,1
Canyon,Idaho,2425,497,2922
Caribou,Idaho,12,0,12
Cassia,Idaho,281,24,305
Clearwater,Idaho,186,21,207
Custer,Idaho,42,0,42
Elmore,Idaho,372,132,504
Franklin,Idaho,86,10,96
Fremont,Idaho,39,41,80
Gem,Idaho,322,2,324
Gooding,Idaho,117,45,162
Idaho,Idaho,577,12,589
Jefferson,Idaho,158,14,172
Jerome,Idaho,113,83,196
Kootenai,Idaho,2170,229,2399
Latah,Idaho,469,10,479
Lemhi,Idaho,18,7,25
Lewis,Idaho,280,1,281
Lincoln,Idaho,26,0,26
Madison,Idaho,48,53,101
Minidoka,Idaho,188,22,210
Nez Perce,Idaho,2449,41,2490
Oneida,Idaho,9,0,9
Owyhee,Idaho,369,0,369
Payette,Idaho,157,0,157
Power,Idaho,402,2,404
Shoshone,Idaho,325,0,325
Teton,Idaho,41,0,41
Twin Falls,Idaho,773,68,841
Valley,Idaho,26,0,26
Washington,Idaho,96,0,96
Adams,Illinois,278,42,320
Alexander,Illinois,48,21,69
Bond,Illinois,68,0,68
Boone,Illinois,179,0,179
Brown,Illinois,6,0,6
Bureau,Illinois,48,3,51
Calhoun,Illinois,1,0,1
Carroll,Illinois,17,0,17
Cass,Illinois,17,44,61
Champaign,Illinois,312,133,445
Christian,Illinois,62,68,130
Clark,Illinois,14,0,14
Clay,Illinois,20,0,20
Clinton,Illinois,104,0,104
Coles,Illinois,107,97,204
Cook,Illinois,14583,1909,16492
Crawford,Illinois,14,13,27
Cumberland,Illinois,22,14,36
DeKalb,Illinois,62,0,62
De Witt,Illinois,13,10,23
Douglas,Illinois,110,18,128
DuPage,Illinois,2037,426,2463
Edgar,Illinois,12,0,12
Edwards,Illinois,34,0,34
Effingham,Illinois,24,15,39
Fayette,Illinois,49,0,49
Ford,Illinois,59,5,64
Franklin,Illinois,116,25,141
Fulton,Illinois,116,23,139
Gallatin,Illinois,27,0,27
Greene,Illinois,40,0,40
Grundy,Illinois,35,17,52
Hamilton,Illinois,23,0,23
Hancock,Illinois,3,0,3
Hardin,Illinois,11,0,11
Henderson,Illinois,16,0,16
Henry,Illinois,102,0,102
Iroquois,Illinois,16,0,16
Jackson,Illinois,111,8,119
Jasper,Illinois,16,0,16
Jefferson,Illinois,44,0,44
Jersey,Illinois,23,0,23
Jo Daviess,Illinois,57,12,69
Johnson,Illinois,13,0,13
Kane,Illinois,2419,199,2618
Kankakee,Illinois,230,22,252
Kendall,Illinois,160,0,160
Knox,Illinois,162,0,162
Lake,Illinois,1760,397,2157
LaSalle,Illinois,266,21,287
Lawrence,Illinois,39,0,39
Lee,Illinois,92,62,154
Livingston,Illinois,3,0,3
Logan,Illinois,44,2,46
McDonough,Illinois,57,19,76
McHenry,Illinois,298,69,367
McLean,Illinois,296,13,309
Macon,Illinois,293,7,300
Macoupin,Illinois,82,3,85
Madison,Illinois,536,57,593
Marion,Illinois,86,0,86
Marshall,Illinois,18,18,36
Mason,Illinois,14,0,14
Massac,Illinois,7,0,7
Menard,Illinois,16,38,54
Mercer,Illinois,16,0,16
Monroe,Illinois,17,0,17
Montgomery,Illinois,45,13,58
Morgan,Illinois,73,1,74
Moultrie,Illinois,40,0,40
Ogle,Illinois,178,23,201
Peoria,Illinois,522,12,534
Perry,Illinois,22,0,22
Piatt,Illinois,10,0,10
Pike,Illinois,43,0,43
Pope,Illinois,10,0,10
Pulaski,Illinois,7,0,7
Putnam,Illinois,0,0,0
Randolph,Illinois,47,0,47
Richland,Illinois,52,0,52
Rock Island,Illinois,474,58,532
St. Clair,Illinois,444,62,506
Saline,Illinois,40,47,87
Sangamon,Illinois,230,96,326
Schuyler,Illinois,7,0,7
Scott,Illinois,15,10,25
Shelby,Illinois,19,0,19
Stark,Illinois,0,0,0
Stephenson,Illinois,52,0,52
Tazewell,Illinois,211,27,238
Union,Illinois,19,0,19
Vermilion,Illinois,211,24,235
Wabash,Illinois,14,0,14
Warren,Illinois,40,0,40
Washington,Illinois,18,8,26
Wayne,Illinois,38,0,38
White,Illinois,11,4,15
Whiteside,Illinois,76,44,120
Will,Illinois,1892,217,2109
Williamson,Illinois,164,7,171
Winnebago,Illinois,846,99,945
Woodford,Illinois,14,0,14
Adams,Indiana,23,0,23
Allen,Indiana,692,155,847
Bartholomew,Indiana,173,38,211
Benton,Indiana,1,7,8
Blackford,Indiana,40,0,40
Boone,Indiana,75,0,75
Brown,Indiana,0,0,0
Carroll,Indiana,56,3,59
Cass,Indiana,187,6,193
Clark,Indiana,117,27,144
Clay,Indiana,25,0,25
Clinton,Indiana,91,45,136
Crawford,Indiana,51,0,51
Daviess,Indiana,10,10,20
Dearborn,Indiana,151,11,162
Decatur,Indiana,112,0,112
DeKalb,Indiana,35,0,35
Delaware,Indiana,98,174,272
Dubois,Indiana,113,0,113
Elkhart,Indiana,440,149,589
Fayette,Indiana,0,0,0
Floyd,Indiana,290,0,290
Fountain,Indiana,27,0,27
Franklin,Indiana,3,0,3
Fulton,Indiana,93,12,105
Gibson,Indiana,18,0,18
Grant,Indiana,119,0,119
Greene,Indiana,13,20,33
Hamilton,Indiana,386,95,481
Hancock,Indiana,80,18,98
Harrison,Indiana,110,0,110
Hendricks,Indiana,284,15,299
Henry,Indiana,133,23,156
Howard,Indiana,447,29,476
Huntington,Indiana,148,17,165
Jackson,Indiana,157,0,157
Jasper,Indiana,30,0,30
Jay,Indiana,13,1,14
Jefferson,Indiana,98,0,98
Jennings,Indiana,97,0,97
Johnson,Indiana,239,27,266
Knox,Indiana,36,57,93
Kosciusko,Indiana,272,12,284
LaGrange,Indiana,19,5,24
Lake,Indiana,1279,132,1411
LaPorte,Indiana,349,27,376
Lawrence,Indiana,263,17,280
Madison,Indiana,295,12,307
Marion,Indiana,2447,509,2956
Marshall,Indiana,69,0,69
Martin,Indiana,34,0,34
Miami,Indiana,267,29,296
Monroe,Indiana,344,19,363
Montgomery,Indiana,75,8,83
Morgan,Indiana,46,0,46
Newton,Indiana,14,0,14
Noble,Indiana,21,0,21
Ohio,Indiana,5,0,5
Orange,Indiana,22,0,22
Owen,Indiana,50,0,50
Parke,Indiana,33,142,175
Perry,Indiana,34,0,34
Pike,Indiana,0,0,0
Porter,Indiana,287,150,437
Posey,Indiana,7,0,7
Pulaski,Indiana,26,0,26
Putnam,Indiana,56,9,65
Randolph,Indiana,45,0,45
Ripley,Indiana,116,0,116
Rush,Indiana,0,0,0
St. Joseph,Indiana,1255,243,1498
Scott,Indiana,66,0,66
Shelby,Indiana,57,0,57
Spencer,Indiana,46,13,59
Starke,Indiana,49,0,49
Steuben,Indiana,35,14,49
Sullivan,Indiana,11,0,11
Switzerland,Indiana,0,70,70
Tippecanoe,Indiana,430,74,504
Tipton,Indiana,1,61,62
Union,Indiana,0,0,0
Vanderburgh,Indiana,206,282,488
Vermillion,Indiana,48,0,48
Vigo,Indiana,193,48,241
Wabash,Indiana,195,0,195
Warren,Indiana,18,0,18
Warrick,Indiana,88,3,91
Washington,Indiana,77,0,77
Wayne,Indiana,130,0,130
Wells,Indiana,37,0,37
White,Indiana,71,0,71
Whitley,Indiana,126,0,126
Adair,Iowa,0,0,0
Adams,Iowa,3,0,3
Allamakee,Iowa,25,10,35
Appanoose,Iowa,22,0,22
Audubon,Iowa,4,0,4
Benton,Iowa,47,0,47
Black Hawk,Iowa,622,398,1020
Boone,Iowa,132,93,225
Bremer,Iowa,81,11,92
Buchanan,Iowa,72,0,72
Buena Vista,Iowa,3,97,100
Butler,Iowa,28,9,37
Calhoun,Iowa,64,0,64
Carroll,Iowa,4,0,4
Cass,Iowa,54,21,75
Cedar,Iowa,45,0,45
Cerro Gordo,Iowa,208,8,216
Cherokee,Iowa,51,0,51
Chickasaw,Iowa,34,0,34
Clarke,Iowa,23,0,23
Clay,Iowa,5,3,8
Clayton,Iowa,36,0,36
Clinton,Iowa,171,2,173
Crawford,Iowa,93,28,121
Dallas,Iowa,88,67,155
Davis,Iowa,0,0,0
Decatur,Iowa,30,38,68
Delaware,Iowa,55,0,55
Des Moines,Iowa,58,0,58
Dickinson,Iowa,43,0,43
Dubuque,Iowa,181,394,575
Emmet,Iowa,28,0,28
Fayette,Iowa,9,0,9
Floyd,Iowa,90,27,117
Franklin,Iowa,10,0,10
Fremont,Iowa,48,0,48
Greene,Iowa,12,0,12
Grundy,Iowa,14,0,14
Guthrie,Iowa,36,0,36
Hamilton,Iowa,6,24,30
Hancock,Iowa,26,8,34
Hardin,Iowa,171,3,174
Harrison,Iowa,63,16,79
Henry,Iowa,51,9,60
Howard,Iowa,0,0,0
Humboldt,Iowa,41,0,41
Ida,Iowa,48,0,48
Iowa,Iowa,11,0,11
Jackson,Iowa,7,131,138
Jasper,Iowa,68,56,124
Jefferson,Iowa,2,0,2
Johnson,Iowa,290,98,388
Jones,Iowa,6,0,6
Keokuk,Iowa,12,5,17
Kossuth,Iowa,26,0,26
Lee,Iowa,82,0,82
Linn,Iowa,370,288,658
Louisa,Iowa,57,0,57
Lucas,Iowa,1,0,1
Lyon,Iowa,79,33,112
Madison,Iowa,13,19,32
Mahaska,Iowa,58,15,73
Marion,Iowa,65,0,65
Marshall,Iowa,125,14,139
Mills,Iowa,135,0,135
Mitchell,Iowa,69,0,69
Monona,Iowa,181,0,181
Monroe,Iowa,0,0,0
Montgomery,Iowa,50,0,50
Muscatine,Iowa,79,11,90
O'Brien,Iowa,46,4,50
Osceola,Iowa,13,5,18
Page,Iowa,115,7,122
Palo Alto,Iowa,16,0,16
Plymouth,Iowa,112,16,128
Pocahontas,Iowa,25,3,28
Polk,Iowa,1365,423,1788
Pottawattamie,Iowa,305,11,316
Poweshiek,Iowa,0,9,9
Ringgold,Iowa,18,0,18
Sac,Iowa,0,0,0
Scott,Iowa,614,30,644
Shelby,Iowa,17,0,17
Sioux,Iowa,104,20,124
Story,Iowa,217,25,242
Tama,Iowa,1386,7,1393
Taylor,Iowa,14,0,14
Union,Iowa,20,16,36
Van Buren,Iowa,0,0,0
Wapello,Iowa,55,183,238
Warren,Iowa,76,159,235
Washington,Iowa,60,0,60
Wayne,Iowa,19,0,19
Webster,Iowa,125,6,131
Winnebago,Iowa,63,0,63
Winneshiek,Iowa,22,0,22
Woodbury,Iowa,1973,267,2240
Worth,Iowa,3,2,5
Wright,Iowa,45,0,45
Allen,Kansas,35,9,44
Anderson,Kansas,166,0,166
Atchison,Kansas,77,10,87
Barton,Kansas,293,70,363
Bourbon,Kansas,71,0,71
Brown,Kansas,780,10,790
Butler,Kansas,511,31,542
Chase,Kansas,13,0,13
Chautauqua,Kansas,208,0,208
Cherokee,Kansas,499,72,571
Cheyenne,Kansas,0,0,0
Clark,Kansas,25,0,25
Clay,Kansas,54,0,54
Cloud,Kansas,12,0,12
Coffey,Kansas,65,0,65
Cowley,Kansas,639,42,681
Crawford,Kansas,182,0,182
Decatur,Kansas,26,0,26
Dickinson,Kansas,167,0,167
Doniphan,Kansas,70,0,70
Douglas,Kansas,2935,27,2962
Edwards,Kansas,0,0,0
Elk,Kansas,46,0,46
Ellis,Kansas,55,43,98
Ellsworth,Kansas,56,0,56
Finney,Kansas,158,0,158
Ford,Kansas,157,18,175
Franklin,Kansas,143,4,147
Geary,Kansas,432,318,750
Graham,Kansas,5,0,5
Grant,Kansas,0,0,0
Gray,Kansas,30,34,64
Greenwood,Kansas,9,0,9
Hamilton,Kansas,0,0,0
Harper,Kansas,144,0,144
Harvey,Kansas,234,83,317
Haskell,Kansas,22,1,23
Jackson,Kansas,966,18,984
Jefferson,Kansas,129,0,129
Jewell,Kansas,15,4,19
Johnson,Kansas,1517,245,1762
Kearny,Kansas,19,0,19
Kingman,Kansas,42,0,42
Kiowa,Kansas,22,0,22
Labette,Kansas,212,0,212
Leavenworth,Kansas,458,40,498
Lincoln,Kansas,0,0,0
Linn,Kansas,86,0,86
Logan,Kansas,21,6,27
Lyon,Kansas,209,0,209
McPherson,Kansas,157,6,163
Marion,Kansas,12,0,12
Marshall,Kansas,24,23,47
Meade,Kansas,0,3,3
Miami,Kansas,278,0,278
Mitchell,Kansas,11,0,11
Montgomery,Kansas,1068,41,1109
Morris,Kansas,6,0,6
Morton,Kansas,3,0,3
Nemaha,Kansas,50,1,51
Neosho,Kansas,49,6,55
Ness,Kansas,6,0,6
Norton,Kansas,46,0,46
Osage,Kansas,34,0,34
Osborne,Kansas,14,0,14
Ottawa,Kansas,34,0,34
Pawnee,Kansas,60,0,60
Phillips,Kansas,14,5,19
Pottawatomie,Kansas,336,0,336
Pratt,Kansas,142,0,142
Rawlins,Kansas,22,0,22
Reno,Kansas,614,6,620
Republic,Kansas,17,0,17
Rice,Kansas,72,35,107
Riley,Kansas,330,172,502
Rooks,Kansas,13,8,21
Russell,Kansas,7,46,53
Saline,Kansas,261,0,261
Scott,Kansas,5,0,5
Sedgwick,Kansas,5077,226,5303
Seward,Kansas,160,0,160
Shawnee,Kansas,1570,103,1673
Sheridan,Kansas,5,0,5
Sherman,Kansas,46,0,46
Smith,Kansas,19,0,19
Stafford,Kansas,43,0,43
Stanton,Kansas,6,0,6
Stevens,Kansas,15,0,15
Sumner,Kansas,326,0,326
Thomas,Kansas,57,4,61
Trego,Kansas,23,0,23
Wabaunsee,Kansas,37,0,37
Washington,Kansas,6,0,6
Wichita,Kansas,28,0,28
Wilson,Kansas,57,0,57
Woodson,Kansas,16,0,16
Wyandotte,Kansas,739,368,1107
Adair,Kentucky,44,0,44
Allen,Kentucky,0,0,0
Anderson,Kentucky,0,18,18
Ballard,Kentucky,41,0,41
Barren,Kentucky,50,0,50
Bath,Kentucky,14,0,14
Bell,Kentucky,41,0,41
Boone,Kentucky,130,0,130
Bourbon,Kentucky,0,0,0
Boyd,Kentucky,47,15,62
Boyle,Kentucky,85,0,85
Bracken,Kentucky,14,0,14
Breathitt,Kentucky,24,0,24
Breckinridge,Kentucky,36,0,36
Bullitt,Kentucky,139,80,219
Butler,Kentucky,26,4,30
Caldwell,Kentucky,0,0,0
Calloway,Kentucky,112,50,162
Campbell,Kentucky,68,20,88
Carlisle,Kentucky,70,0,70
Carroll,Kentucky,19,0,19
Carter,Kentucky,110,3,113
Casey,Kentucky,44,0,44
Christian,Kentucky,467,314,781
Clark,Kentucky,30,0,30
Clay,Kentucky,70,30,100
Clinton,Kentucky,0,0,0
Crittenden,Kentucky,29,0,29
Cumberland,Kentucky,0,0,0
Daviess,Kentucky,164,262,426
Edmonson,Kentucky,34,0,34
Elliott,Kentucky,6,0,6
Estill,Kentucky,58,7,65
Fayette,Kentucky,810,168,978
Fleming,Kentucky,9,0,9
Floyd,Kentucky,4,0,4
Franklin,Kentucky,81,20,101
Fulton,Kentucky,22,0,22
Gallatin,Kentucky,0,0,0
Garrard,Kentucky,70,0,70
Grant,Kentucky,28,0,28
Graves,Kentucky,44,101,145
Grayson,Kentucky,106,0,106
Green,Kentucky,310,0,310
Greenup,Kentucky,27,0,27
Hancock,Kentucky,12,0,12
Hardin,Kentucky,326,380,706
Harlan,Kentucky,21,0,21
Harrison,Kentucky,0,3,3
Hart,Kentucky,102,0,102
Henderson,Kentucky,79,5,84
Henry,Kentucky,38,18,56
Hickman,Kentucky,12,0,12
Hopkins,Kentucky,163,4,167
Jackson,Kentucky,2,0,2
Jefferson,Kentucky,1436,376,1812
Jessamine,Kentucky,209,16,225
Johnson,Kentucky,20,0,20
Kenton,Kentucky,239,29,268
Knott,Kentucky,5,13,18
Knox,Kentucky,261,0,261
Larue,Kentucky,9,0,9
Laurel,Kentucky,228,0,228
Lawrence,Kentucky,5,0,5
Lee,Kentucky,20,0,20
Leslie,Kentucky,0,0,0
Letcher,Kentucky,47,0,47
Lewis,Kentucky,146,0,146
Lincoln,Kentucky,4,8,12
Livingston,Kentucky,11,1,12
Logan,Kentucky,20,2,22
Lyon,Kentucky,29,4,33
McCracken,Kentucky,195,55,250
McCreary,Kentucky,140,11,151
McLean,Kentucky,18,0,18
Madison,Kentucky,330,7,337
Magoffin,Kentucky,4,0,4
Marion,Kentucky,26,68,94
Marshall,Kentucky,58,0,58
Martin,Kentucky,21,10,31
Mason,Kentucky,6,6,12
Meade,Kentucky,216,0,216
Menifee,Kentucky,0,0,0
Mercer,Kentucky,45,10,55
Metcalfe,Kentucky,4,0,4
Monroe,Kentucky,15,7,22
Montgomery,Kentucky,85,21,106
Morgan,Kentucky,14,36,50
Muhlenberg,Kentucky,68,14,82
Nelson,Kentucky,51,0,51
Nicholas,Kentucky,20,0,20
Ohio,Kentucky,8,0,8
Oldham,Kentucky,136,17,153
Owen,Kentucky,25,17,42
Owsley,Kentucky,4,0,4
Pendleton,Kentucky,8,45,53
Perry,Kentucky,29,69,98
Pike,Kentucky,105,0,105
Powell,Kentucky,53,6,59
Pulaski,Kentucky,205,0,205
Robertson,Kentucky,0,0,0
Rockcastle,Kentucky,186,0,186
Rowan,Kentucky,45,0,45
Russell,Kentucky,24,0,24
Scott,Kentucky,133,0,133
Shelby,Kentucky,0,37,37
Simpson,Kentucky,109,0,109
Spencer,Kentucky,39,0,39
Taylor,Kentucky,0,0,0
Todd,Kentucky,4,0,4
Trigg,Kentucky,0,0,0
Trimble,Kentucky,26,45,71
Union,Kentucky,5,0,5
Warren,Kentucky,394,354,748
Washington,Kentucky,0,0,0
Wayne,Kentucky,0,0,0
Webster,Kentucky,9,8,17
Whitley,Kentucky,68,20,88
Wolfe,Kentucky,30,0,30
Woodford,Kentucky,0,0,0
Acadia Parish,Louisiana,20,10,30
Allen Parish,Louisiana,540,0,540
Ascension Parish,Louisiana,57,40,97
Assumption Parish,Louisiana,83,0,83
Avoyelles Parish,Louisiana,368,69,437
Beauregard Parish,Louisiana,321,11,332
Bienville Parish,Louisiana,6,0,6
Bossier Parish,Louisiana,641,246,887
Caddo Parish,Louisiana,1050,81,1131
Calcasieu Parish,Louisiana,687,6,693
Caldwell Parish,Louisiana,50,0,50
Cameron Parish,Louisiana,34,0,34
Catahoula Parish,Louisiana,19,0,19
Claiborne Parish,Louisiana,36,0,36
Concordia Parish,Louisiana,15,26,41
De Soto Parish,Louisiana,302,16,318
East Baton Rouge Parish,Louisiana,857,117,974
East Carroll Parish,Louisiana,0,0,0
East Feliciana Parish,Louisiana,93,0,93
Evangeline Parish,Louisiana,78,0,78
Franklin Parish,Louisiana,10,5,15
Grant Parish,Louisiana,73,0,73
Iberia Parish,Louisiana,71,0,71
Iberville Parish,Louisiana,71,0,71
Jackson Parish,Louisiana,12,0,12
Jefferson Parish,Louisiana,1694,39,1733
Jefferson Davis Parish,Louisiana,290,0,290
Lafayette Parish,Louisiana,407,0,407
Lafourche Parish,Louisiana,2343,15,2358
Lincoln Parish,Louisiana,152,0,152
Livingston Parish,Louisiana,333,17,350
Madison Parish,Louisiana,8,0,8
Morehouse Parish,Louisiana,11,0,11
Natchitoches Parish,Louisiana,415,0,415
Orleans Parish,Louisiana,632,98,730
Ouachita Parish,Louisiana,271,45,316
Plaquemines Parish,Louisiana,308,8,316
Pointe Coupee Parish,Louisiana,65,0,65
Rapides Parish,Louisiana,865,16,881
Red River Parish,Louisiana,0,12,12
Richland Parish,Louisiana,0,0,0
Sabine Parish,Louisiana,1764,7,1771
St. Bernard Parish,Louisiana,172,37,209
St. Charles Parish,Louisiana,201,0,201
St. Helena Parish,Louisiana,108,0,108
St. James Parish,Louisiana,22,26,48
St. John the Baptist Parish,Louisiana,0,0,0
St. Landry Parish,Louisiana,138,0,138
St. Martin Parish,Louisiana,287,0,287
St. Mary Parish,Louisiana,646,11,657
St. Tammany Parish,Louisiana,1434,94,1528
Tangipahoa Parish,Louisiana,348,12,360
Tensas Parish,Louisiana,0,0,0
Terrebonne Parish,Louisiana,6391,72,6463
Union Parish,Louisiana,14,39,53
Vermilion Parish,Louisiana,265,0,265
Vernon Parish,Louisiana,646,223,869
Washington Parish,Louisiana,139,6,145
Webster Parish,Louisiana,139,42,181
West Baton Rouge Parish,Louisiana,33,0,33
West Carroll Parish,Louisiana,39,10,49
West Feliciana Parish,Louisiana,23,0,23
Winn Parish,Louisiana,26,0,26
Androscoggin,Maine,249,4,253
Aroostook,Maine,1249,10,1259
Cumberland,Maine,547,16,563
Franklin,Maine,119,31,150
Hancock,Maine,225,58,283
Kennebec,Maine,666,97,763
Knox,Maine,136,0,136
Lincoln,Maine,138,0,138
Oxford,Maine,172,4,176
Penobscot,Maine,1731,63,1794
Piscataquis,Maine,92,0,92
Sagadahoc,Maine,120,0,120
Somerset,Maine,224,0,224
Waldo,Maine,182,0,182
Washington,Maine,1607,4,1611
York,Maine,845,31,876
Allegany,Maryland,94,13,107
Anne Arundel,Maryland,997,369,1366
Baltimore,Maryland,2262,749,3011
Calvert,Maryland,122,38,160
Caroline,Maryland,132,10,142
Carroll,Maryland,362,85,447
Cecil,Maryland,165,32,197
Charles,Maryland,849,64,913
Dorchester,Maryland,31,0,31
Frederick,Maryland,606,187,793
Garrett,Maryland,50,8,58
Harford,Maryland,447,30,477
Howard,Maryland,715,58,773
Kent,Maryland,25,6,31
Montgomery,Maryland,3068,502,3570
Prince George's,Maryland,3166,377,3543
Queen Anne's,Maryland,43,55,98
St. Mary's,Maryland,146,13,159
Somerset,Maryland,86,5,91
Talbot,Maryland,53,20,73
Washington,Maryland,358,132,490
Wicomico,Maryland,173,37,210
Worcester,Maryland,109,54,163
Baltimore city,Maryland,1585,215,1800
Barnstable,Massachusetts,1137,166,1303
Berkshire,Massachusetts,425,56,481
Bristol,Massachusetts,426,203,629
Dukes,Massachusetts,127,0,127
Essex,Massachusetts,1884,115,1999
Franklin,Massachusetts,219,65,284
Hampden,Massachusetts,1280,87,1367
Hampshire,Massachusetts,272,63,335
Middlesex,Massachusetts,2958,603,3561
Nantucket,Massachusetts,35,7,42
Norfolk,Massachusetts,880,248,1128
Plymouth,Massachusetts,680,227,907
Suffolk,Massachusetts,2357,257,2614
Worcester,Massachusetts,1813,232,2045
Alcona,Michigan,58,8,66
Alger,Michigan,320,0,320
Allegan,Michigan,558,23,581
Alpena,Michigan,152,20,172
Antrim,Michigan,176,0,176
Arenac,Michigan,190,0,190
Baraga,Michigan,775,2,777
Barry,Michigan,163,3,166
Bay,Michigan,410,0,410
Benzie,Michigan,293,7,300
Berrien,Michigan,619,38,657
Branch,Michigan,180,17,197
Calhoun,Michigan,939,20,959
Cass,Michigan,577,21,598
Charlevoix,Michigan,388,22,410
Cheboygan,Michigan,431,0,431
Chippewa,Michigan,5428,60,5488
Clare,Michigan,163,0,163
Clinton,Michigan,138,0,138
Crawford,Michigan,70,0,70
Delta,Michigan,688,7,695
Dickinson,Michigan,324,0,324
Eaton,Michigan,533,43,576
Emmet,Michigan,958,30,988
Genesee,Michigan,1510,130,1640
Gladwin,Michigan,168,0,168
Gogebic,Michigan,414,23,437
Grand Traverse,Michigan,997,44,1041
Gratiot,Michigan,211,23,234
Hillsdale,Michigan,179,0,179
Houghton,Michigan,104,29,133
Huron,Michigan,77,0,77
Ingham,Michigan,1049,115,1164
Ionia,Michigan,204,6,210
Iosco,Michigan,200,10,210
Iron,Michigan,176,0,176
Isabella,Michigan,2395,8,2403
Jackson,Michigan,694,41,735
Kalamazoo,Michigan,689,69,758
Kalkaska,Michigan,133,0,133
Kent,Michigan,2649,222,2871
Keweenaw,Michigan,0,0,0
Lake,Michigan,117,11,128
Lapeer,Michigan,307,24,331
Leelanau,Michigan,649,3,652
Lenawee,Michigan,492,15,507
Livingston,Michigan,534,124,658
Luce,Michigan,361,2,363
Mackinac,Michigan,1822,14,1836
Macomb,Michigan,2525,346,2871
Manistee,Michigan,385,14,399
Marquette,Michigan,558,33,591
Mason,Michigan,221,0,221
Mecosta,Michigan,166,7,173
Menominee,Michigan,540,0,540
Midland,Michigan,380,63,443
Missaukee,Michigan,95,0,95
Monroe,Michigan,449,10,459
Montcalm,Michigan,316,41,357
Montmorency,Michigan,82,1,83
Muskegon,Michigan,1312,21,1333
Newaygo,Michigan,417,0,417
Oakland,Michigan,3302,323,3625
Oceana,Michigan,288,1,289
Ogemaw,Michigan,226,0,226
Ontonagon,Michigan,52,8,60
Osceola,Michigan,195,0,195
Oscoda,Michigan,52,4,56
Otsego,Michigan,104,0,104
Ottawa,Michigan,868,57,925
Presque Isle,Michigan,42,0,42
Roscommon,Michigan,219,0,219
Saginaw,Michigan,577,12,589
St. Clair,Michigan,275,38,313
St. Joseph,Michigan,213,30,243
Sanilac,Michigan,136,3,139
Schoolcraft,Michigan,557,0,557
Shiawassee,Michigan,174,18,192
Tuscola,Michigan,166,4,170
Van Buren,Michigan,762,33,795
Washtenaw,Michigan,1202,189,1391
Wayne,Michigan,5566,481,6047
Wexford,Michigan,151,8,159
Aitkin,Minnesota,345,14,359
Anoka,Minnesota,2289,97,2386
Becker,Minnesota,2510,8,2518
Beltrami,Minnesota,9547,27,9574
Benton,Minnesota,32,0,32
Big Stone,Minnesota,3,0,3
Blue Earth,Minnesota,226,24,250
Brown,Minnesota,61,0,61
Carlton,Minnesota,1940,0,1940
Carver,Minnesota,205,5,210
Cass,Minnesota,3364,13,3377
Chippewa,Minnesota,222,137,359
Chisago,Minnesota,254,16,270
Clay,Minnesota,1024,11,1035
Clearwater,Minnesota,748,2,750
Cook,Minnesota,463,0,463
Cottonwood,Minnesota,37,26,63
Crow Wing,Minnesota,610,0,610
Dakota,Minnesota,1294,208,1502
Dodge,Minnesota,90,2,92
Douglas,Minnesota,114,0,114
Faribault,Minnesota,32,0,32
Fillmore,Minnesota,9,2,11
Freeborn,Minnesota,128,16,144
Goodhue,Minnesota,472,0,472
Grant,Minnesota,24,0,24
Hennepin,Minnesota,8819,451,9270
Houston,Minnesota,42,3,45
Hubbard,Minnesota,456,0,456
Isanti,Minnesota,160,6,166
Itasca,Minnesota,1663,2,1665
Jackson,Minnesota,10,0,10
Kanabec,Minnesota,136,2,138
Kandiyohi,Minnesota,178,0,178
Kittson,Minnesota,16,0,16
Koochiching,Minnesota,456,0,456
Lac qui Parle,Minnesota,14,0,14
Lake,Minnesota,61,43,104
Lake of the Woods,Minnesota,11,0,11
Le Sueur,Minnesota,54,3,57
Lincoln,Minnesota,58,0,58
Lyon,Minnesota,99,3,102
McLeod,Minnesota,68,0,68
Mahnomen,Minnesota,2223,15,2238
Marshall,Minnesota,28,2,30
Martin,Minnesota,25,13,38
Meeker,Minnesota,34,11,45
Mille Lacs,Minnesota,1293,13,1306
Morrison,Minnesota,73,0,73
Mower,Minnesota,67,156,223
Murray,Minnesota,19,0,19
Nicollet,Minnesota,10,0,10
Nobles,Minnesota,131,7,138
Norman,Minnesota,166,0,166
Olmsted,Minnesota,477,70,547
Otter Tail,Minnesota,296,9,305
Pennington,Minnesota,247,1,248
Pine,Minnesota,717,23,740
Pipestone,Minnesota,155,0,155
Polk,Minnesota,448,17,465
Pope,Minnesota,23,0,23
Ramsey,Minnesota,3723,192,3915
Red Lake,Minnesota,53,0,53
Redwood,Minnesota,751,0,751
Renville,Minnesota,195,0,195
Rice,Minnesota,248,73,321
Rock,Minnesota,68,0,68
Roseau,Minnesota,257,6,263
St. Louis,Minnesota,3705,96,3801
Scott,Minnesota,1082,117,1199
Sherburne,Minnesota,591,0,591
Sibley,Minnesota,49,5,54
Stearns,Minnesota,434,9,443
Steele,Minnesota,116,31,147
Stevens,Minnesota,123,34,157
Swift,Minnesota,2,39,41
Todd,Minnesota,113,12,125
Traverse,Minnesota,149,0,149
Wabasha,Minnesota,55,0,55
Wadena,Minnesota,108,0,108
Waseca,Minnesota,176,4,180
Washington,Minnesota,1025,87,1112
Watonwan,Minnesota,77,0,77
Wilkin,Minnesota,134,0,134
Winona,Minnesota,173,9,182
Wright,Minnesota,449,15,464
Yellow Medicine,Minnesota,350,0,350
Adams,Mississippi,75,0,75
Alcorn,Mississippi,33,0,33
Amite,Mississippi,3,0,3
Attala,Mississippi,30,0,30
Benton,Mississippi,0,0,0
Bolivar,Mississippi,41,0,41
Calhoun,Mississippi,0,24,24
Carroll,Mississippi,6,0,6
Chickasaw,Mississippi,21,0,21
Choctaw,Mississippi,23,8,31
Claiborne,Mississippi,13,0,13
Clarke,Mississippi,10,0,10
Clay,Mississippi,59,0,59
Coahoma,Mississippi,23,0,23
Copiah,Mississippi,9,0,9
Covington,Mississippi,0,17,17
DeSoto,Mississippi,302,29,331
Forrest,Mississippi,132,31,163
Franklin,Mississippi,0,0,0
George,Mississippi,227,0,227
Greene,Mississippi,53,0,53
Grenada,Mississippi,135,0,135
Hancock,Mississippi,272,0,272
Harrison,Mississippi,1122,84,1206
Hinds,Mississippi,264,53,317
Holmes,Mississippi,9,0,9
Humphreys,Mississippi,14,3,17
Itawamba,Mississippi,75,7,82
Jackson,Mississippi,514,66,580
Jasper,Mississippi,1,0,1
Jefferson,Mississippi,11,0,11
Jefferson Davis,Mississippi,0,0,0
Jones,Mississippi,159,36,195
Kemper,Mississippi,370,0,370
Lafayette,Mississippi,82,17,99
Lamar,Mississippi,80,0,80
Lauderdale,Mississippi,160,22,182
Lawrence,Mississippi,10,0,10
Leake,Mississippi,1289,0,1289
Lee,Mississippi,206,6,212
Leflore,Mississippi,0,0,0
Lincoln,Mississippi,4,0,4
Lowndes,Mississippi,113,17,130
Madison,Mississippi,204,7,211
Marion,Mississippi,73,12,85
Marshall,Mississippi,15,0,15
Monroe,Mississippi,9,0,9
Montgomery,Mississippi,0,0,0
Neshoba,Mississippi,4754,8,4762
Newton,Mississippi,1109,0,1109
Noxubee,Mississippi,9,0,9
Oktibbeha,Mississippi,47,20,67
Panola,Mississippi,59,11,70
Pearl River,Mississippi,87,0,87
Perry,Mississippi,0,0,0
Pike,Mississippi,153,4,157
Pontotoc,Mississippi,9,0,9
Prentiss,Mississippi,0,0,0
Quitman,Mississippi,0,0,0
Rankin,Mississippi,225,41,266
Scott,Mississippi,136,0,136
Simpson,Mississippi,3,0,3
Smith,Mississippi,0,30,30
Stone,Mississippi,66,20,86
Sunflower,Mississippi,113,0,113
Tallahatchie,Mississippi,22,13,35
Tate,Mississippi,40,51,91
Tippah,Mississippi,17,12,29
Tishomingo,Mississippi,33,0,33
Tunica,Mississippi,0,0,0
Union,Mississippi,17,49,66
Walthall,Mississippi,0,0,0
Warren,Mississippi,105,9,114
Washington,Mississippi,56,0,56
Wayne,Mississippi,64,0,64
Webster,Mississippi,9,0,9
Wilkinson,Mississippi,0,0,0
Winston,Mississippi,112,0,112
Yalobusha,Mississippi,44,0,44
Yazoo,Mississippi,143,0,143
Adair,Missouri,52,63,115
Andrew,Missouri,29,103,132
Atchison,Missouri,26,0,26
Audrain,Missouri,103,23,126
Barry,Missouri,286,0,286
Barton,Missouri,222,6,228
Bates,Missouri,100,8,108
Benton,Missouri,206,10,216
Bollinger,Missouri,100,0,100
Boone,Missouri,579,217,796
Buchanan,Missouri,294,208,502
Butler,Missouri,221,2,223
Caldwell,Missouri,60,0,60
Callaway,Missouri,232,225,457
Camden,Missouri,267,0,267
Cape Girardeau,Missouri,153,25,178
Carroll,Missouri,21,0,21
Carter,Missouri,60,0,60
Cass,Missouri,630,37,667
Cedar,Missouri,5,31,36
Chariton,Missouri,7,0,7
Christian,Missouri,510,44,554
Clark,Missouri,24,0,24
Clay,Missouri,1301,417,1718
Clinton,Missouri,201,5,206
Cole,Missouri,283,14,297
Cooper,Missouri,50,13,63
Crawford,Missouri,0,0,0
Dade,Missouri,67,5,72
Dallas,Missouri,176,0,176
Daviess,Missouri,27,6,33
DeKalb,Missouri,92,21,113
Dent,Missouri,101,0,101
Douglas,Missouri,23,0,23
Dunklin,Missouri,121,4,125
Franklin,Missouri,204,38,242
Gasconade,Missouri,48,0,48
Gentry,Missouri,21,4,25
Greene,Missouri,1415,208,1623
Grundy,Missouri,130,19,149
Harrison,Missouri,14,0,14
Henry,Missouri,120,0,120
Hickory,Missouri,155,4,159
Holt,Missouri,37,1,38
Howard,Missouri,54,0,54
Howell,Missouri,216,0,216
Iron,Missouri,74,8,82
Jackson,Missouri,2656,1990,4646
Jasper,Missouri,1948,136,2084
Jefferson,Missouri,652,43,695
Johnson,Missouri,281,168,449
Knox,Missouri,0,18,18
Laclede,Missouri,273,6,279
Lafayette,Missouri,43,75,118
Lawrence,Missouri,196,0,196
Lewis,Missouri,77,11,88
Lincoln,Missouri,153,15,168
Linn,Missouri,19,5,24
Livingston,Missouri,81,22,103
McDonald,Missouri,698,421,1119
Macon,Missouri,97,3,100
Madison,Missouri,34,0,34
Maries,Missouri,73,0,73
Marion,Missouri,110,54,164
Mercer,Missouri,0,4,4
Miller,Missouri,237,0,237
Mississippi,Missouri,131,6,137
Moniteau,Missouri,89,0,89
Monroe,Missouri,18,15,33
Montgomery,Missouri,12,10,22
Morgan,Missouri,100,0,100
New Madrid,Missouri,68,0,68
Newton,Missouri,1334,553,1887
Nodaway,Missouri,47,29,76
Oregon,Missouri,156,27,183
Osage,Missouri,91,0,91
Ozark,Missouri,41,0,41
Pemiscot,Missouri,14,2,16
Perry,Missouri,79,0,79
Pettis,Missouri,59,0,59
Phelps,Missouri,375,0,375
Pike,Missouri,66,12,78
Platte,Missouri,410,77,487
Polk,Missouri,336,16,352
Pulaski,Missouri,535,160,695
Putnam,Missouri,9,0,9
Ralls,Missouri,54,2,56
Randolph,Missouri,132,15,147
Ray,Missouri,114,1,115
Reynolds,Missouri,26,16,42
Ripley,Missouri,64,33,97
St. Charles,Missouri,657,48,705
St. Clair,Missouri,69,0,69
Ste. Genevieve,Missouri,0,0,0
St. Francois,Missouri,204,0,204
St. Louis,Missouri,1821,290,2111
Saline,Missouri,87,247,334
Schuyler,Missouri,0,0,0
Scotland,Missouri,0,0,0
Scott,Missouri,151,0,151
Shannon,Missouri,38,0,38
Shelby,Missouri,5,0,5
Stoddard,Missouri,3,0,3
Stone,Missouri,331,28,359
Sullivan,Missouri,43,12,55
Taney,Missouri,511,21,532
Texas,Missouri,573,0,573
Vernon,Missouri,127,0,127
Warren,Missouri,88,32,120
Washington,Missouri,112,4,116
Wayne,Missouri,51,0,51
Webster,Missouri,175,71,246
Worth,Missouri,1,0,1
Wright,Missouri,68,0,68
St. Louis city,Missouri,732,195,927
Beaverhead,Montana,234,13,247
Big Horn,Montana,8815,3,8818
Blaine,Montana,3427,0,3427
Broadwater,Montana,72,0,72
Carbon,Montana,148,0,148
Cascade,Montana,3950,71,4021
Chouteau,Montana,1122,2,1124
Custer,Montana,233,4,237
Dawson,Montana,196,0,196
Deer Lodge,Montana,157,8,165
Fergus,Montana,81,72,153
Flathead,Montana,1553,45,1598
Gallatin,Montana,899,11,910
Glacier,Montana,8920,14,8934
Granite,Montana,16,0,16
Hill,Montana,3933,0,3933
Jefferson,Montana,128,0,128
Judith Basin,Montana,36,0,36
Lake,Montana,7254,67,7321
Lewis and Clark,Montana,1207,44,1251
Lincoln,Montana,135,31,166
Madison,Montana,75,0,75
Mineral,Montana,107,0,107
Missoula,Montana,2675,134,2809
Park,Montana,89,9,98
Phillips,Montana,425,0,425
Pondera,Montana,910,0,910
Powell,Montana,301,0,301
Ravalli,Montana,386,0,386
Richland,Montana,343,0,343
Roosevelt,Montana,6411,0,6411
Rosebud,Montana,3464,0,3464
Sanders,Montana,410,1,411
Silver Bow,Montana,891,0,891
Stillwater,Montana,97,0,97
Sweet Grass,Montana,40,0,40
Teton,Montana,56,0,56
Toole,Montana,228,0,228
Valley,Montana,643,17,660
Wheatland,Montana,59,0,59
Yellowstone,Montana,6942,211,7153
Adams,Nebraska,165,9,174
Antelope,Nebraska,9,0,9
Boone,Nebraska,5,5,10
Box Butte,Nebraska,427,0,427
Buffalo,Nebraska,70,7,77
Burt,Nebraska,111,0,111
Butler,Nebraska,16,0,16
Cass,Nebraska,30,55,85
Cedar,Nebraska,76,2,78
Cherry,Nebraska,193,9,202
Cheyenne,Nebraska,60,2,62
Clay,Nebraska,18,0,18
Colfax,Nebraska,166,22,188
Cuming,Nebraska,15,11,26
Custer,Nebraska,9,0,9
Dakota,Nebraska,592,22,614
Dawes,Nebraska,410,0,410
Dawson,Nebraska,187,19,206
Dixon,Nebraska,25,0,25
Dodge,Nebraska,348,60,408
Douglas,Nebraska,3266,315,3581
Fillmore,Nebraska,37,0,37
Franklin,Nebraska,0,4,4
Furnas,Nebraska,16,3,19
Gage,Nebraska,152,23,175
Gosper,Nebraska,1,0,1
Greeley,Nebraska,4,0,4
Hall,Nebraska,358,219,577
Hamilton,Nebraska,57,0,57
Harlan,Nebraska,19,1,20
Hitchcock,Nebraska,2,0,2
Holt,Nebraska,80,3,83
Howard,Nebraska,2,2,4
Jefferson,Nebraska,42,0,42
Johnson,Nebraska,43,0,43
Kearney,Nebraska,25,0,25
Keith,Nebraska,87,16,103
Kimball,Nebraska,26,0,26
Knox,Nebraska,836,11,847
Lancaster,Nebraska,1772,215,1987
Lincoln,Nebraska,126,12,138
Madison,Nebraska,533,0,533
Merrick,Nebraska,9,0,9
Morrill,Nebraska,21,0,21
Nance,Nebraska,14,0,14
Nemaha,Nebraska,36,1,37
Nuckolls,Nebraska,7,0,7
Otoe,Nebraska,87,0,87
Pawnee,Nebraska,5,0,5
Perkins,Nebraska,1,0,1
Phelps,Nebraska,19,0,19
Pierce,Nebraska,8,6,14
Platte,Nebraska,123,3,126
Polk,Nebraska,15,0,15
Red Willow,Nebraska,19,0,19
Richardson,Nebraska,171,0,171
Saline,Nebraska,38,17,55
Sarpy,Nebraska,694,183,877
Saunders,Nebraska,59,0,59
Scotts Bluff,Nebraska,635,114,749
Seward,Nebraska,31,0,31
Sheridan,Nebraska,502,2,504
Sherman,Nebraska,1,1,2
Stanton,Nebraska,0,0,0
Thayer,Nebraska,17,0,17
Thurston,Nebraska,4139,0,4139
Washington,Nebraska,7,8,15
Wayne,Nebraska,53,0,53
Webster,Nebraska,0,10,10
York,Nebraska,35,0,35
Churchill,Nevada,1074,50,1124
Clark,Nevada,16590,15846,32436
Douglas,Nevada,1016,153,1169
Elko,Nevada,3362,119,3481
Humboldt,Nevada,926,0,926
Lander,Nevada,252,50,302
Lincoln,Nevada,12,0,12
Lyon,Nevada,1556,84,1640
Mineral,Nevada,1005,0,1005
Nye,Nevada,651,166,817
Pershing,Nevada,269,30,299
Storey,Nevada,75,0,75
Washoe,Nevada,7048,2802,9850
White Pine,Nevada,540,15,555
Carson City,Nevada,1366,37,1403
Belknap,New Hampshire,231,15,246
Carroll,New Hampshire,42,13,55
Cheshire,New Hampshire,144,9,153
Coos,New Hampshire,112,27,139
Grafton,New Hampshire,357,50,407
Hillsborough,New Hampshire,488,200,688
Merrimack,New Hampshire,253,19,272
Rockingham,New Hampshire,175,0,175
Strafford,New Hampshire,67,26,93
Sullivan,New Hampshire,221,0,221
Atlantic,New Jersey,969,115,1084
Bergen,New Jersey,1695,336,2031
Burlington,New Jersey,345,255,600
Camden,New Jersey,1172,230,1402
Cape May,New Jersey,26,29,55
Cumberland,New Jersey,1136,14,1150
Essex,New Jersey,1997,240,2237
Gloucester,New Jersey,183,89,272
Hudson,New Jersey,2110,600,2710
Hunterdon,New Jersey,63,41,104
Mercer,New Jersey,491,126,617
Middlesex,New Jersey,1864,306,2170
Monmouth,New Jersey,1000,271,1271
Morris,New Jersey,684,109,793
Ocean,New Jersey,337,275,612
Passaic,New Jersey,1831,171,2002
Salem,New Jersey,182,0,182
Somerset,New Jersey,778,23,801
Sussex,New Jersey,50,27,77
Union,New Jersey,1580,85,1665
Warren,New Jersey,156,15,171
Bernalillo,New Mexico,32867,493,33360
Catron,New Mexico,2,0,2
Chaves,New Mexico,1063,23,1086
Cibola,New Mexico,11318,6,11324
Colfax,New Mexico,245,0,245
Curry,New Mexico,555,128,683
Dona Ana,New Mexico,2441,61,2502
Eddy,New Mexico,869,0,869
Grant,New Mexico,610,6,616
Guadalupe,New Mexico,71,0,71
Hidalgo,New Mexico,28,0,28
Lea,New Mexico,628,27,655
Lincoln,New Mexico,327,0,327
Los Alamos,New Mexico,201,0,201
Luna,New Mexico,250,9,259
McKinley,New Mexico,55891,30,55921
Mora,New Mexico,3,0,3
Otero,New Mexico,4385,152,4537
Quay,New Mexico,157,19,176
Rio Arriba,New Mexico,6418,5,6423
Roosevelt,New Mexico,104,0,104
Sandoval,New Mexico,17653,243,17896
San Juan,New Mexico,50524,75,50599
San Miguel,New Mexico,370,59,429
Santa Fe,New Mexico,4736,175,4911
Sierra,New Mexico,376,0,376
Socorro,New Mexico,1915,0,1915
Taos,New Mexico,2375,1,2376
Torrance,New Mexico,166,0,166
Union,New Mexico,92,0,92
Valencia,New Mexico,3256,0,3256
Albany,New York,516,133,649
Allegany,New York,133,12,145
Bronx,New York,9596,1128,10724
Broome,New York,392,89,481
Cattaraugus,New York,2380,0,2380
Cayuga,New York,235,0,235
Chautauqua,New York,425,68,493
Chemung,New York,294,10,304
Chenango,New York,166,10,176
Clinton,New York,208,26,234
Columbia,New York,33,0,33
Cortland,New York,111,9,120
Delaware,New York,70,8,78
Dutchess,New York,1061,117,1178
Erie,New York,4558,309,4867
Essex,New York,78,8,86
Franklin,New York,3618,94,3712
Fulton,New York,192,15,207
Genesee,New York,510,0,510
Greene,New York,281,5,286
Hamilton,New York,16,1,17
Herkimer,New York,150,93,243
Jefferson,New York,533,245,778
Kings,New York,8427,1047,9474
Lewis,New York,55,23,78
Livingston,New York,128,22,150
Madison,New York,464,73,537
Monroe,New York,3378,120,3498
Montgomery,New York,71,0,71
Nassau,New York,3583,351,3934
New York,New York,6995,867,7862
Niagara,New York,2203,75,2278
Oneida,New York,491,63,554
Onondaga,New York,2389,116,2505
Ontario,New York,487,37,524
Orange,New York,1308,229,1537
Orleans,New York,151,21,172
Oswego,New York,190,16,206
Otsego,New York,92,5,97
Putnam,New York,205,24,229
Queens,New York,9977,1100,11077
Rensselaer,New York,212,9,221
Richmond,New York,1080,197,1277
Rockland,New York,544,33,577
St. Lawrence,New York,828,68,896
Saratoga,New York,472,37,509
Schenectady,New York,351,66,417
Schoharie,New York,49,13,62
Schuyler,New York,31,0,31
Seneca,New York,135,0,135
Steuben,New York,102,15,117
Suffolk,New York,3967,451,4418
Sullivan,New York,191,0,191
Tioga,New York,91,18,109
Tompkins,New York,224,31,255
Ulster,New York,368,131,499
Warren,New York,168,32,200
Washington,New York,197,0,197
Wayne,New York,144,78,222
Westchester,New York,4059,262,4321
Wyoming,New York,228,0,228
Yates,New York,53,7,60
Alamance,North Carolina,462,64,526
Alexander,North Carolina,150,31,181
Alleghany,North Carolina,37,1,38
Anson,North Carolina,96,9,105
Ashe,North Carolina,97,19,116
Avery,North Carolina,237,0,237
Beaufort,North Carolina,110,0,110
Bertie,North Carolina,232,1,233
Bladen,North Carolina,842,0,842
Brunswick,North Carolina,791,36,827
Buncombe,North Carolina,1014,341,1355
Burke,North Carolina,510,139,649
Cabarrus,North Carolina,671,114,785
Caldwell,North Carolina,317,41,358
Camden,North Carolina,20,0,20
Carteret,North Carolina,192,40,232
Caswell,North Carolina,51,47,98
Catawba,North Carolina,430,0,430
Chatham,North Carolina,159,30,189
Cherokee,North Carolina,430,0,430
Chowan,North Carolina,62,3,65
Clay,North Carolina,36,16,52
Cleveland,North Carolina,307,23,330
Columbus,North Carolina,2114,9,2123
Craven,North Carolina,799,99,898
Cumberland,North Carolina,4626,931,5557
Currituck,North Carolina,132,6,138
Dare,North Carolina,107,0,107
Davidson,North Carolina,499,18,517
Davie,North Carolina,156,0,156
Duplin,North Carolina,208,46,254
Durham,North Carolina,808,117,925
Edgecombe,North Carolina,96,57,153
Forsyth,North Carolina,1141,327,1468
Franklin,North Carolina,762,150,912
Gaston,North Carolina,758,147,905
Gates,North Carolina,108,0,108
Graham,North Carolina,898,1,899
Granville,North Carolina,335,0,335
Greene,North Carolina,104,0,104
Guilford,North Carolina,2507,287,2794
Halifax,North Carolina,1980,67,2047
Harnett,North Carolina,1173,266,1439
Haywood,North Carolina,294,0,294
Henderson,North Carolina,323,151,474
Hertford,North Carolina,273,47,320
Hoke,North Carolina,4459,96,4555
Hyde,North Carolina,6,0,6
Iredell,North Carolina,504,123,627
Jackson,North Carolina,3480,0,3480
Johnston,North Carolina,1346,62,1408
Jones,North Carolina,42,0,42
Lee,North Carolina,485,23,508
Lenoir,North Carolina,171,18,189
Lincoln,North Carolina,190,34,224
McDowell,North Carolina,173,14,187
Macon,North Carolina,193,0,193
Madison,North Carolina,120,0,120
Martin,North Carolina,111,84,195
Mecklenburg,North Carolina,3779,566,4345
Mitchell,North Carolina,64,0,64
Montgomery,North Carolina,113,5,118
Moore,North Carolina,823,100,923
Nash,North Carolina,608,40,648
New Hanover,North Carolina,473,185,658
Northampton,North Carolina,120,0,120
Onslow,North Carolina,1062,402,1464
Orange,North Carolina,784,8,792
Pamlico,North Carolina,29,0,29
Pasquotank,North Carolina,35,58,93
Pender,North Carolina,164,39,203
Perquimans,North Carolina,54,11,65
Person,North Carolina,194,16,210
Pitt,North Carolina,564,45,609
Polk,North Carolina,16,4,20
Randolph,North Carolina,662,92,754
Richmond,North Carolina,1049,60,1109
Robeson,North Carolina,52630,20,52650
Rockingham,North Carolina,425,59,484
Rowan,North Carolina,372,30,402
Rutherford,North Carolina,338,13,351
Sampson,North Carolina,1208,0,1208
Scotland,North Carolina,4039,17,4056
Stanly,North Carolina,220,9,229
Stokes,North Carolina,188,13,201
Surry,North Carolina,281,104,385
Swain,North Carolina,4218,0,4218
Transylvania,North Carolina,115,15,130
Tyrrell,North Carolina,35,0,35
Union,North Carolina,690,96,786
Vance,North Carolina,744,28,772
Wake,North Carolina,3675,434,4109
Warren,North Carolina,1153,10,1163
Washington,North Carolina,42,0,42
Watauga,North Carolina,355,78,433
Wayne,North Carolina,333,46,379
Wilkes,North Carolina,192,168,360
Wilson,North Carolina,514,1,515
Yadkin,North Carolina,165,26,191
Yancey,North Carolina,93,6,99
Adams,North Dakota,28,0,28
Barnes,North Dakota,139,21,160
Benson,North Dakota,3865,0,3865
Bottineau,North Dakota,232,0,232
Bowman,North Dakota,37,0,37
Burke,North Dakota,21,0,21
Burleigh,North Dakota,3541,49,3590
Cass,North Dakota,1631,45,1676
Cavalier,North Dakota,48,0,48
Dickey,North Dakota,68,0,68
Divide,North Dakota,33,0,33
Dunn,North Dakota,436,9,445
Eddy,North Dakota,176,0,176
Emmons,North Dakota,3,0,3
Foster,North Dakota,42,0,42
Grand Forks,North Dakota,1756,110,1866
Grant,North Dakota,19,1,20
Griggs,North Dakota,34,0,34
Hettinger,North Dakota,82,5,87
Kidder,North Dakota,6,0,6
LaMoure,North Dakota,8,0,8
Logan,North Dakota,5,0,5
McHenry,North Dakota,62,0,62
McIntosh,North Dakota,20,0,20
McKenzie,North Dakota,1497,0,1497
McLean,North Dakota,690,2,692
Mercer,North Dakota,245,0,245
Morton,North Dakota,1232,0,1232
Mountrail,North Dakota,2810,0,2810
Nelson,North Dakota,6,0,6
Pembina,North Dakota,195,0,195
Pierce,North Dakota,130,0,130
Ramsey,North Dakota,1210,0,1210
Ransom,North Dakota,12,0,12
Renville,North Dakota,13,0,13
Richland,North Dakota,313,0,313
Rolette,North Dakota,11390,0,11390
Sargent,North Dakota,32,0,32
Sioux,North Dakota,3694,2,3696
Stark,North Dakota,397,7,404
Steele,North Dakota,0,0,0
Stutsman,North Dakota,293,13,306
Towner,North Dakota,82,0,82
Traill,North Dakota,116,17,133
Walsh,North Dakota,206,0,206
Ward,North Dakota,1509,80,1589
Wells,North Dakota,6,0,6
Williams,North Dakota,1010,17,1027
Adams,Ohio,87,0,87
Allen,Ohio,260,0,260
Ashland,Ohio,3,0,3
Ashtabula,Ohio,158,53,211
Athens,Ohio,333,64,397
Auglaize,Ohio,89,36,125
Belmont,Ohio,153,0,153
Brown,Ohio,74,0,74
Butler,Ohio,953,318,1271
Carroll,Ohio,9,0,9
Champaign,Ohio,114,12,126
Clark,Ohio,258,96,354
Clermont,Ohio,312,114,426
Clinton,Ohio,46,11,57
Columbiana,Ohio,126,3,129
Coshocton,Ohio,86,0,86
Crawford,Ohio,29,14,43
Cuyahoga,Ohio,3516,305,3821
Darke,Ohio,115,0,115
Defiance,Ohio,144,15,159
Delaware,Ohio,198,63,261
Erie,Ohio,270,6,276
Fairfield,Ohio,154,63,217
Fayette,Ohio,7,9,16
Franklin,Ohio,2473,491,2964
Fulton,Ohio,159,14,173
Gallia,Ohio,116,33,149
Geauga,Ohio,167,0,167
Greene,Ohio,199,17,216
Guernsey,Ohio,79,0,79
Hamilton,Ohio,886,541,1427
Hancock,Ohio,43,0,43
Hardin,Ohio,3,0,3
Harrison,Ohio,12,0,12
Henry,Ohio,71,0,71
Highland,Ohio,62,0,62
Hocking,Ohio,20,0,20
Holmes,Ohio,14,0,14
Huron,Ohio,94,3,97
Jackson,Ohio,13,29,42
Jefferson,Ohio,82,0,82
Knox,Ohio,127,12,139
Lake,Ohio,334,46,380
Lawrence,Ohio,13,0,13
Licking,Ohio,214,18,232
Logan,Ohio,70,3,73
Lorain,Ohio,1034,103,1137
Lucas,Ohio,1194,148,1342
Madison,Ohio,109,14,123
Mahoning,Ohio,698,70,768
Marion,Ohio,122,21,143
Medina,Ohio,233,17,250
Meigs,Ohio,41,0,41
Mercer,Ohio,0,179,179
Miami,Ohio,151,19,170
Monroe,Ohio,5,0,5
Montgomery,Ohio,1264,205,1469
Morgan,Ohio,9,0,9
Morrow,Ohio,41,0,41
Muskingum,Ohio,181,19,200
Noble,Ohio,11,0,11
Ottawa,Ohio,90,3,93
Paulding,Ohio,39,22,61
Perry,Ohio,93,8,101
Pickaway,Ohio,140,0,140
Pike,Ohio,109,0,109
Portage,Ohio,371,28,399
Preble,Ohio,107,0,107
Putnam,Ohio,13,12,25
Richland,Ohio,217,33,250
Ross,Ohio,15,10,25
Sandusky,Ohio,158,9,167
Scioto,Ohio,329,0,329
Seneca,Ohio,170,0,170
Shelby,Ohio,172,0,172
Stark,Ohio,512,66,578
Summit,Ohio,1183,71,1254
Trumbull,Ohio,304,9,313
Tuscarawas,Ohio,245,0,245
Union,Ohio,152,49,201
Van Wert,Ohio,58,0,58
Vinton,Ohio,18,0,18
Warren,Ohio,208,0,208
Washington,Ohio,329,10,339
Wayne,Ohio,340,12,352
Williams,Ohio,131,6,137
Wood,Ohio,222,59,281
Wyandot,Ohio,0,0,0
Adair,Oklahoma,9727,39,9766
Alfalfa,Oklahoma,131,0,131
Atoka,Oklahoma,1447,8,1455
Beaver,Oklahoma,100,0,100
Beckham,Oklahoma,430,8,438
Blaine,Oklahoma,712,0,712
Bryan,Oklahoma,6935,46,6981
Caddo,Oklahoma,7002,46,7048
Canadian,Oklahoma,5505,25,5530
Carter,Oklahoma,3843,10,3853
Cherokee,Oklahoma,16657,106,16763
Choctaw,Oklahoma,2291,22,2313
Cimarron,Oklahoma,10,0,10
Cleveland,Oklahoma,10939,170,11109
Coal,Oklahoma,683,0,683
Comanche,Oklahoma,6389,648,7037
Cotton,Oklahoma,571,0,571
Craig,Oklahoma,3185,22,3207
Creek,Oklahoma,8060,47,8107
Custer,Oklahoma,973,10,983
Delaware,Oklahoma,9572,36,9608
Dewey,Oklahoma,105,0,105
Ellis,Oklahoma,75,0,75
Garfield,Oklahoma,1224,609,1833
Garvin,Oklahoma,1495,0,1495
Grady,Oklahoma,2615,0,2615
Grant,Oklahoma,35,3,38
Greer,Oklahoma,188,0,188
Harmon,Oklahoma,11,0,11
Harper,Oklahoma,13,0,13
Haskell,Oklahoma,1498,2,1500
Hughes,Oklahoma,2752,0,2752
Jackson,Oklahoma,413,20,433
Jefferson,Oklahoma,400,0,400
Johnston,Oklahoma,729,13,742
Kay,Oklahoma,3805,0,3805
Kingfisher,Oklahoma,522,0,522
Kiowa,Oklahoma,387,6,393
Latimer,Oklahoma,2182,0,2182
Le Flore,Oklahoma,5432,0,5432
Lincoln,Oklahoma,2658,29,2687
Logan,Oklahoma,1680,20,1700
Love,Oklahoma,545,0,545
McClain,Oklahoma,2137,23,2160
McCurtain,Oklahoma,4612,286,4898
McIntosh,Oklahoma,3149,22,3171
Major,Oklahoma,149,10,159
Marshall,Oklahoma,1227,0,1227
Mayes,Oklahoma,6997,98,7095
Murray,Oklahoma,1365,0,1365
Muskogee,Oklahoma,12573,19,12592
Noble,Oklahoma,842,5,847
Nowata,Oklahoma,1636,16,1652
Okfuskee,Oklahoma,1614,0,1614
Oklahoma,Oklahoma,21516,792,22308
Okmulgee,Oklahoma,5286,0,5286
Osage,Oklahoma,6186,12,6198
Ottawa,Oklahoma,5287,232,5519
Pawnee,Oklahoma,1983,7,1990
Payne,Oklahoma,3755,69,3824
Pittsburg,Oklahoma,2941,65,3006
Pontotoc,Oklahoma,4037,30,4067
Pottawatomie,Oklahoma,10456,47,10503
Pushmataha,Oklahoma,1505,12,1517
Roger Mills,Oklahoma,110,0,110
Rogers,Oklahoma,11304,63,11367
Seminole,Oklahoma,4920,1,4921
Sequoyah,Oklahoma,8342,21,8363
Stephens,Oklahoma,2331,37,2368
Texas,Oklahoma,147,9,156
Tillman,Oklahoma,192,4,196
Tulsa,Oklahoma,31257,559,31816
Wagoner,Oklahoma,6656,63,6719
Washington,Oklahoma,5665,20,5685
Washita,Oklahoma,141,0,141
Woods,Oklahoma,142,0,142
Woodward,Oklahoma,290,4,294
Baker,Oregon,213,45,258
Benton,Oregon,521,232,753
Clackamas,Oregon,3054,1189,4243
Clatsop,Oregon,223,126,349
Columbia,Oregon,474,111,585
Coos,Oregon,1477,54,1531
Crook,Oregon,180,100,280
Curry,Oregon,429,20,449
Deschutes,Oregon,820,110,930
Douglas,Oregon,1396,87,1483
Grant,Oregon,99,6,105
Harney,Oregon,118,4,122
Hood River,Oregon,160,5,165
Jackson,Oregon,2338,760,3098
Jefferson,Oregon,3903,18,3921
Josephine,Oregon,1003,60,1063
Klamath,Oregon,2583,63,2646
Lake,Oregon,202,0,202
Lane,Oregon,4028,911,4939
Lincoln,Oregon,1390,109,1499
Linn,Oregon,1124,100,1224
Malheur,Oregon,341,21,362
Marion,Oregon,3090,3015,6105
Morrow,Oregon,167,28,195
Multnomah,Oregon,7093,4949,12042
Polk,Oregon,1571,372,1943
Tillamook,Oregon,188,121,309
Umatilla,Oregon,2485,137,2622
Union,Oregon,342,322,664
Wallowa,Oregon,72,6,78
Wasco,Oregon,925,152,1077
Washington,Oregon,3626,2478,6104
Yamhill,Oregon,1219,268,1487
Adams,Pennsylvania,67,0,67
Allegheny,Pennsylvania,1354,334,1688
Armstrong,Pennsylvania,19,0,19
Beaver,Pennsylvania,180,78,258
Bedford,Pennsylvania,54,0,54
Berks,Pennsylvania,2983,39,3022
Blair,Pennsylvania,42,55,97
Bradford,Pennsylvania,39,6,45
Bucks,Pennsylvania,1032,139,1171
Butler,Pennsylvania,80,46,126
Cambria,Pennsylvania,72,40,112
Cameron,Pennsylvania,20,0,20
Carbon,Pennsylvania,23,8,31
Centre,Pennsylvania,154,49,203
Chester,Pennsylvania,557,120,677
Clarion,Pennsylvania,83,24,107
Clearfield,Pennsylvania,181,0,181
Clinton,Pennsylvania,80,11,91
Columbia,Pennsylvania,82,26,108
Crawford,Pennsylvania,38,31,69
Cumberland,Pennsylvania,312,55,367
Dauphin,Pennsylvania,662,79,741
Delaware,Pennsylvania,968,198,1166
Elk,Pennsylvania,76,0,76
Erie,Pennsylvania,657,68,725
Fayette,Pennsylvania,48,346,394
Forest,Pennsylvania,23,0,23
Franklin,Pennsylvania,223,16,239
Fulton,Pennsylvania,36,0,36
Greene,Pennsylvania,34,8,42
Huntingdon,Pennsylvania,52,7,59
Indiana,Pennsylvania,210,15,225
Jefferson,Pennsylvania,78,21,99
Juniata,Pennsylvania,0,0,0
Lackawanna,Pennsylvania,127,48,175
Lancaster,Pennsylvania,875,94,969
Lawrence,Pennsylvania,84,0,84
Lebanon,Pennsylvania,91,59,150
Lehigh,Pennsylvania,1148,127,1275
Luzerne,Pennsylvania,661,181,842
Lycoming,Pennsylvania,180,18,198
McKean,Pennsylvania,28,15,43
Mercer,Pennsylvania,123,4,127
Mifflin,Pennsylvania,73,26,99
Monroe,Pennsylvania,576,61,637
Montgomery,Pennsylvania,1044,265,1309
Montour,Pennsylvania,6,0,6
Northampton,Pennsylvania,850,114,964
Northumberland,Pennsylvania,253,76,329
Perry,Pennsylvania,88,0,88
Philadelphia,Pennsylvania,5843,769,6612
Pike,Pennsylvania,71,30,101
Potter,Pennsylvania,39,0,39
Schuylkill,Pennsylvania,303,15,318
Snyder,Pennsylvania,12,0,12
Somerset,Pennsylvania,60,24,84
Sullivan,Pennsylvania,16,6,22
Susquehanna,Pennsylvania,35,19,54
Tioga,Pennsylvania,45,11,56
Union,Pennsylvania,323,26,349
Venango,Pennsylvania,12,0,12
Warren,Pennsylvania,51,0,51
Washington,Pennsylvania,192,37,229
Wayne,Pennsylvania,116,9,125
Westmoreland,Pennsylvania,320,56,376
Wyoming,Pennsylvania,23,0,23
York,Pennsylvania,660,198,858
Bristol,Rhode Island,43,0,43
Kent,Rhode Island,442,23,465
Newport,Rhode Island,354,202,556
Providence,Rhode Island,3677,528,4205
Washington,Rhode Island,968,110,1078
Abbeville,South Carolina,0,0,0
Aiken,South Carolina,595,76,671
Allendale,South Carolina,30,3,33
Anderson,South Carolina,319,83,402
Bamberg,South Carolina,78,0,78
Barnwell,South Carolina,69,8,77
Beaufort,South Carolina,477,136,613
Berkeley,South Carolina,945,209,1154
Calhoun,South Carolina,80,0,80
Charleston,South Carolina,674,137,811
Cherokee,South Carolina,103,25,128
Chester,South Carolina,157,0,157
Chesterfield,South Carolina,219,35,254
Clarendon,South Carolina,29,9,38
Colleton,South Carolina,289,200,489
Darlington,South Carolina,256,9,265
Dillon,South Carolina,665,2,667
Dorchester,South Carolina,632,152,784
Edgefield,South Carolina,64,0,64
Fairfield,South Carolina,58,0,58
Florence,South Carolina,382,110,492
Georgetown,South Carolina,75,0,75
Greenville,South Carolina,1966,364,2330
Greenwood,South Carolina,25,0,25
Hampton,South Carolina,36,36,72
Horry,South Carolina,1691,181,1872
Jasper,South Carolina,27,0,27
Kershaw,South Carolina,147,0,147
Lancaster,South Carolina,188,0,188
Laurens,South Carolina,100,46,146
Lee,South Carolina,25,0,25
Lexington,South Carolina,813,275,1088
McCormick,South Carolina,34,0,34
Marion,South Carolina,189,0,189
Marlboro,South Carolina,810,0,810
Newberry,South Carolina,162,9,171
Oconee,South Carolina,331,13,344
Orangeburg,South Carolina,302,83,385
Pickens,South Carolina,334,62,396
Richland,South Carolina,686,477,1163
Saluda,South Carolina,56,0,56
Spartanburg,South Carolina,526,75,601
Sumter,South Carolina,321,43,364
Union,South Carolina,16,0,16
Williamsburg,South Carolina,100,0,100
York,South Carolina,1605,146,1751
Aurora,South Dakota,101,0,101
Beadle,South Dakota,258,8,266
Bennett,South Dakota,1825,0,1825
Bon Homme,South Dakota,417,0,417
Brookings,South Dakota,351,8,359
Brown,South Dakota,1215,0,1215
Brule,South Dakota,581,0,581
Buffalo,South Dakota,1756,22,1778
Butte,South Dakota,235,0,235
Charles Mix,South Dakota,2945,3,2948
Clark,South Dakota,72,0,72
Clay,South Dakota,551,0,551
Codington,South Dakota,601,12,613
Corson,South Dakota,2858,0,2858
Custer,South Dakota,300,0,300
Davison,South Dakota,431,0,431
Day,South Dakota,592,0,592
Deuel,South Dakota,1,0,1
Dewey,South Dakota,4529,0,4529
Douglas,South Dakota,65,0,65
Edmunds,South Dakota,34,0,34
Fall River,South Dakota,430,0,430
Faulk,South Dakota,98,0,98
Grant,South Dakota,202,0,202
Gregory,South Dakota,289,0,289
Hamlin,South Dakota,24,0,24
Hanson,South Dakota,1,0,1
Hughes,South Dakota,2189,0,2189
Hutchinson,South Dakota,149,0,149
Jackson,South Dakota,1832,0,1832
Jerauld,South Dakota,21,0,21
Kingsbury,South Dakota,9,0,9
Lake,South Dakota,75,0,75
Lawrence,South Dakota,595,32,627
Lincoln,South Dakota,310,17,327
Lyman,South Dakota,1570,5,1575
McCook,South Dakota,29,0,29
Marshall,South Dakota,353,0,353
Meade,South Dakota,864,11,875
Mellette,South Dakota,1200,0,1200
Miner,South Dakota,5,0,5
Minnehaha,South Dakota,4415,39,4454
Moody,South Dakota,825,0,825
Oglala Lakota,South Dakota,13257,0,13257
Pennington,South Dakota,9604,73,9677
Roberts,South Dakota,3821,0,3821
Sanborn,South Dakota,20,0,20
Spink,South Dakota,111,13,124
Stanley,South Dakota,290,35,325
Todd,South Dakota,8345,0,8345
Tripp,South Dakota,680,0,680
Turner,South Dakota,52,0,52
Union,South Dakota,127,0,127
Walworth,South Dakota,548,0,548
Yankton,South Dakota,693,15,708
Ziebach,South Dakota,2109,0,2109
Anderson,Tennessee,379,29,408
Bedford,Tennessee,27,29,56
Benton,Tennessee,69,0,69
Bledsoe,Tennessee,237,0,237
Blount,Tennessee,369,127,496
Bradley,Tennessee,122,30,152
Campbell,Tennessee,161,0,161
Cannon,Tennessee,34,0,34
Carroll,Tennessee,98,49,147
Carter,Tennessee,198,0,198
Cheatham,Tennessee,95,12,107
Chester,Tennessee,7,0,7
Claiborne,Tennessee,60,84,144
Clay,Tennessee,77,0,77
Cocke,Tennessee,290,10,300
Coffee,Tennessee,86,7,93
Crockett,Tennessee,24,0,24
Cumberland,Tennessee,375,0,375
Davidson,Tennessee,1640,452,2092
Decatur,Tennessee,0,0,0
DeKalb,Tennessee,0,15,15
Dickson,Tennessee,220,0,220
Dyer,Tennessee,199,53,252
Fayette,Tennessee,334,1,335
Fentress,Tennessee,32,0,32
Franklin,Tennessee,65,26,91
Gibson,Tennessee,189,39,228
Giles,Tennessee,90,0,90
Grainger,Tennessee,88,0,88
Greene,Tennessee,176,48,224
Grundy,Tennessee,118,6,124
Hamblen,Tennessee,126,139,265
Hamilton,Tennessee,623,147,770
Hancock,Tennessee,19,0,19
Hardeman,Tennessee,56,0,56
Hardin,Tennessee,13,21,34
Hawkins,Tennessee,90,67,157
Haywood,Tennessee,0,8,8
Henderson,Tennessee,0,28,28
Henry,Tennessee,50,0,50
Hickman,Tennessee,69,4,73
Houston,Tennessee,86,17,103
Humphreys,Tennessee,206,6,212
Jackson,Tennessee,0,0,0
Jefferson,Tennessee,64,11,75
Johnson,Tennessee,85,0,85
Knox,Tennessee,1373,182,1555
Lake,Tennessee,16,0,16
Lauderdale,Tennessee,198,0,198
Lawrence,Tennessee,119,49,168
Lewis,Tennessee,0,0,0
Lincoln,Tennessee,69,0,69
Loudon,Tennessee,94,0,94
McMinn,Tennessee,135,26,161
McNairy,Tennessee,46,0,46
Macon,Tennessee,56,32,88
Madison,Tennessee,80,0,80
Marion,Tennessee,62,0,62
Marshall,Tennessee,7,0,7
Maury,Tennessee,286,19,305
Meigs,Tennessee,27,0,27
Monroe,Tennessee,367,0,367
Montgomery,Tennessee,1109,747,1856
Moore,Tennessee,149,0,149
Morgan,Tennessee,31,0,31
Obion,Tennessee,72,11,83
Overton,Tennessee,0,75,75
Perry,Tennessee,9,0,9
Pickett,Tennessee,0,0,0
Polk,Tennessee,45,0,45
Putnam,Tennessee,294,31,325
Rhea,Tennessee,68,0,68
Roane,Tennessee,138,16,154
Robertson,Tennessee,218,48,266
Rutherford,Tennessee,724,37,761
Scott,Tennessee,62,0,62
Sequatchie,Tennessee,9,0,9
Sevier,Tennessee,338,9,347
Shelby,Tennessee,1607,251,1858
Smith,Tennessee,88,0,88
Stewart,Tennessee,61,50,111
Sullivan,Tennessee,188,125,313
Sumner,Tennessee,593,228,821
Tipton,Tennessee,230,94,324
Trousdale,Tennessee,24,0,24
Unicoi,Tennessee,18,0,18
Union,Tennessee,6,44,50
Van Buren,Tennessee,0,0,0
Warren,Tennessee,141,119,260
Washington,Tennessee,377,5,382
Wayne,Tennessee,60,0,60
Weakley,Tennessee,106,18,124
White,Tennessee,8,0,8
Williamson,Tennessee,424,56,480
Wilson,Tennessee,370,69,439
Anderson,Texas,270,9,279
Andrews,Texas,0,21,21
Angelina,Texas,599,5,604
Aransas,Texas,50,0,50
Archer,Texas,40,0,40
Atascosa,Texas,91,0,91
Austin,Texas,48,0,48
Bailey,Texas,75,0,75
Bandera,Texas,296,0,296
Bastrop,Texas,408,0,408
Baylor,Texas,0,0,0
Bee,Texas,213,4,217
Bell,Texas,2434,2338,4772
Bexar,Texas,13229,2058,15287
Blanco,Texas,116,39,155
Bosque,Texas,84,0,84
Bowie,Texas,877,44,921
Brazoria,Texas,2024,56,2080
Brazos,Texas,823,46,869
Brewster,Texas,179,0,179
Brooks,Texas,64,0,64
Brown,Texas,198,0,198
Burleson,Texas,59,0,59
Burnet,Texas,323,0,323
Caldwell,Texas,270,26,296
Calhoun,Texas,19,17,36
Callahan,Texas,11,0,11
Cameron,Texas,1101,72,1173
Camp,Texas,52,0,52
Carson,Texas,79,0,79
Cass,Texas,39,1,40
Castro,Texas,17,1,18
Chambers,Texas,85,0,85
Cherokee,Texas,324,43,367
Childress,Texas,69,0,69
Clay,Texas,119,0,119
Cochran,Texas,0,0,0
Coke,Texas,44,0,44
Coleman,Texas,39,0,39
Collin,Texas,4404,624,5028
Collingsworth,Texas,81,0,81
Colorado,Texas,35,0,35
Comal,Texas,294,45,339
Comanche,Texas,63,0,63
Concho,Texas,10,0,10
Cooke,Texas,260,17,277
Coryell,Texas,618,651,1269
Crane,Texas,6,0,6
Crosby,Texas,0,0,0
Culberson,Texas,0,0,0
Dallam,Texas,87,0,87
Dallas,Texas,9595,1356,10951
Dawson,Texas,159,0,159
Deaf Smith,Texas,92,16,108
Delta,Texas,16,0,16
Denton,Texas,3742,694,4436
DeWitt,Texas,147,0,147
Dickens,Texas,17,0,17
Dimmit,Texas,0,0,0
Donley,Texas,13,0,13
Duval,Texas,32,0,32
Eastland,Texas,71,0,71
Ector,Texas,703,82,785
Ellis,Texas,1767,64,1831
El Paso,Texas,5142,1178,6320
Erath,Texas,477,21,498
Falls,Texas,71,7,78
Fannin,Texas,207,13,220
Fayette,Texas,13,0,13
Fisher,Texas,35,5,40
Floyd,Texas,8,0,8
Fort Bend,Texas,2259,195,2454
Franklin,Texas,22,8,30
Freestone,Texas,14,0,14
Frio,Texas,19,0,19
Gaines,Texas,93,13,106
Galveston,Texas,1481,213,1694
Gillespie,Texas,739,0,739
Goliad,Texas,0,0,0
Gonzales,Texas,57,4,61
Gray,Texas,309,19,328
Grayson,Texas,1620,66,1686
Gregg,Texas,459,121,580
Grimes,Texas,233,0,233
Guadalupe,Texas,507,440,947
Hale,Texas,260,7,267
Hall,Texas,20,0,20
Hamilton,Texas,62,0,62
Hansford,Texas,4,0,4
Hardeman,Texas,41,0,41
Hardin,Texas,110,0,110
Harris,Texas,18386,3129,21515
Harrison,Texas,246,15,261
Hartley,Texas,2,0,2
Haskell,Texas,33,0,33
Hays,Texas,703,96,799
Hemphill,Texas,17,0,17
Henderson,Texas,666,37,703
Hidalgo,Texas,1619,192,1811
Hill,Texas,432,65,497
Hockley,Texas,154,17,171
Hood,Texas,535,7,542
Hopkins,Texas,65,42,107
Houston,Texas,70,0,70
Howard,Texas,437,18,455
Hudspeth,Texas,0,0,0
Hunt,Texas,1047,43,1090
Hutchinson,Texas,369,122,491
Jack,Texas,23,0,23
Jackson,Texas,0,8,8
Jasper,Texas,109,51,160
Jeff Davis,Texas,9,0,9
Jefferson,Texas,821,114,935
Jim Hogg,Texas,2,0,2
Jim Wells,Texas,55,63,118
Johnson,Texas,858,612,1470
Jones,Texas,153,0,153
Karnes,Texas,32,0,32
Kaufman,Texas,523,78,601
Kendall,Texas,265,25,290
Kerr,Texas,420,32,452
Kimble,Texas,36,5,41
Kinney,Texas,7,0,7
Kleberg,Texas,72,0,72
Knox,Texas,30,0,30
Lamar,Texas,207,133,340
Lamb,Texas,35,0,35
Lampasas,Texas,52,88,140
Lavaca,Texas,49,5,54
Lee,Texas,0,0,0
Leon,Texas,89,52,141
Liberty,Texas,394,13,407
Limestone,Texas,379,63,442
Lipscomb,Texas,69,0,69
Live Oak,Texas,22,0,22
Llano,Texas,183,0,183
Lubbock,Texas,3293,186,3479
Lynn,Texas,37,4,41
McCulloch,Texas,2,0,2
McLennan,Texas,1110,110,1220
Madison,Texas,36,26,62
Marion,Texas,43,38,81
Martin,Texas,94,9,103
Mason,Texas,90,0,90
Matagorda,Texas,141,53,194
Maverick,Texas,705,32,737
Medina,Texas,191,11,202
Menard,Texas,25,0,25
Midland,Texas,1144,72,1216
Milam,Texas,35,0,35
Mills,Texas,10,0,10
Mitchell,Texas,82,0,82
Montague,Texas,32,0,32
Montgomery,Texas,2057,346,2403
Moore,Texas,189,0,189
Morris,Texas,75,6,81
Nacogdoches,Texas,587,7,594
Navarro,Texas,942,539,1481
Newton,Texas,21,0,21
Nolan,Texas,112,3,115
Nueces,Texas,1638,242,1880
Ochiltree,Texas,197,0,197
Oldham,Texas,2,0,2
Orange,Texas,311,0,311
Palo Pinto,Texas,194,37,231
Panola,Texas,29,0,29
Parker,Texas,852,79,931
Parmer,Texas,76,24,100
Pecos,Texas,173,17,190
Polk,Texas,763,62,825
Potter,Texas,647,115,762
Presidio,Texas,80,0,80
Rains,Texas,69,0,69
Randall,Texas,570,73,643
Reagan,Texas,0,0,0
Real,Texas,0,0,0
Red River,Texas,39,0,39
Reeves,Texas,26,13,39
Refugio,Texas,18,0,18
Robertson,Texas,76,22,98
Rockwall,Texas,224,0,224
Runnels,Texas,21,0,21
Rusk,Texas,96,22,118
Sabine,Texas,13,20,33
San Augustine,Texas,165,0,165
San Jacinto,Texas,134,13,147
San Patricio,Texas,177,43,220
San Saba,Texas,0,0,0
Schleicher,Texas,0,0,0
Scurry,Texas,69,0,69
Shackelford,Texas,10,0,10
Shelby,Texas,204,0,204
Sherman,Texas,6,0,6
Smith,Texas,778,299,1077
Somervell,Texas,115,60,175
Starr,Texas,40,0,40
Stephens,Texas,98,0,98
Sutton,Texas,12,0,12
Swisher,Texas,256,8,264
Tarrant,Texas,9980,3639,13619
Taylor,Texas,1177,79,1256
Terry,Texas,41,0,41
Titus,Texas,370,12,382
Tom Green,Texas,444,50,494
Travis,Texas,6847,601,7448
Trinity,Texas,48,0,48
Tyler,Texas,12,0,12
Upshur,Texas,294,0,294
Upton,Texas,5,0,5
Uvalde,Texas,143,19,162
Val Verde,Texas,171,31,202
Van Zandt,Texas,358,39,397
Victoria,Texas,269,41,310
Walker,Texas,286,10,296
Waller,Texas,392,24,416
Ward,Texas,176,0,176
Washington,Texas,228,36,264
Webb,Texas,471,33,504
Wharton,Texas,27,0,27
Wheeler,Texas,20,17,37
Wichita,Texas,1443,63,1506
Wilbarger,Texas,160,0,160
Willacy,Texas,133,0,133
Williamson,Texas,1269,401,1670
Wilson,Texas,145,44,189
Winkler,Texas,113,0,113
Wise,Texas,276,124,400
Wood,Texas,321,37,358
Yoakum,Texas,11,0,11
Young,Texas,145,0,145
Zapata,Texas,0,0,0
Zavala,Texas,0,0,0
Beaver,Utah,62,0,62
Box Elder,Utah,647,34,681
Cache,Utah,563,478,1041
Carbon,Utah,172,13,185
Davis,Utah,1453,2118,3571
Duchesne,Utah,802,52,854
Emery,Utah,75,2,77
Garfield,Utah,164,22,186
Grand,Utah,297,62,359
Iron,Utah,1173,27,1200
Juab,Utah,125,10,135
Kane,Utah,105,10,115
Millard,Utah,150,13,163
Morgan,Utah,9,18,27
Rich,Utah,0,0,0
Salt Lake,Utah,8616,16723,25339
San Juan,Utah,7315,40,7355
Sanpete,Utah,301,152,453
Sevier,Utah,379,16,395
Summit,Utah,101,10,111
Tooele,Utah,418,367,785
Uintah,Utah,2731,31,2762
Utah,Utah,2843,4797,7640
Wasatch,Utah,34,5,39
Washington,Utah,2392,1351,3743
Wayne,Utah,8,34,42
Weber,Utah,1712,711,2423
Addison,Vermont,124,0,124
Bennington,Vermont,62,15,77
Caledonia,Vermont,69,0,69
Chittenden,Vermont,432,45,477
Essex,Vermont,20,0,20
Franklin,Vermont,300,0,300
Grand Isle,Vermont,33,0,33
Lamoille,Vermont,196,0,196
Orange,Vermont,111,16,127
Orleans,Vermont,144,0,144
Rutland,Vermont,283,0,283
Washington,Vermont,199,27,226
Windham,Vermont,71,33,104
Windsor,Vermont,62,48,110
Accomack,Virginia,176,0,176
Albemarle,Virginia,209,30,239
Alleghany,Virginia,0,7,7
Amelia,Virginia,31,0,31
Amherst,Virginia,123,22,145
Appomattox,Virginia,12,0,12
Arlington,Virginia,870,260,1130
Augusta,Virginia,184,38,222
Bath,Virginia,0,0,0
Bedford,Virginia,39,17,56
Bland,Virginia,0,0,0
Botetourt,Virginia,97,0,97
Brunswick,Virginia,26,0,26
Buchanan,Virginia,45,0,45
Buckingham,Virginia,106,0,106
Campbell,Virginia,76,7,83
Caroline,Virginia,47,0,47
Carroll,Virginia,111,0,111
Charles City,Virginia,453,0,453
Charlotte,Virginia,10,0,10
Chesterfield,Virginia,1072,135,1207
Clarke,Virginia,6,0,6
Craig,Virginia,0,0,0
Culpeper,Virginia,213,68,281
Cumberland,Virginia,77,0,77
Dickenson,Virginia,4,0,4
Dinwiddie,Virginia,3,24,27
Essex,Virginia,103,0,103
Fairfax,Virginia,2507,838,3345
Fauquier,Virginia,254,27,281
Floyd,Virginia,70,0,70
Fluvanna,Virginia,45,30,75
Franklin,Virginia,140,0,140
Frederick,Virginia,223,69,292
Giles,Virginia,0,21,21
Gloucester,Virginia,81,0,81
Goochland,Virginia,27,0,27
Grayson,Virginia,39,0,39
Greene,Virginia,45,0,45
Greensville,Virginia,11,0,11
Halifax,Virginia,93,0,93
Hanover,Virginia,198,144,342
Henrico,Virginia,728,112,840
Henry,Virginia,49,0,49
Highland,Virginia,3,0,3
Isle of Wight,Virginia,99,22,121
James City,Virginia,138,15,153
King and Queen,Virginia,22,0,22
King George,Virginia,89,0,89
King William,Virginia,141,0,141
Lancaster,Virginia,0,0,0
Lee,Virginia,107,0,107
Loudoun,Virginia,996,361,1357
Louisa,Virginia,83,0,83
Lunenburg,Virginia,14,0,14
Madison,Virginia,0,0,0
Mathews,Virginia,21,3,24
Mecklenburg,Virginia,63,3,66
Middlesex,Virginia,51,16,67
Montgomery,Virginia,368,37,405
Nelson,Virginia,47,0,47
New Kent,Virginia,204,0,204
Northampton,Virginia,4,13,17
Northumberland,Virginia,28,0,28
Nottoway,Virginia,15,40,55
Orange,Virginia,114,0,114
Page,Virginia,26,0,26
Patrick,Virginia,63,0,63
Pittsylvania,Virginia,40,13,53
Powhatan,Virginia,85,35,120
Prince Edward,Virginia,63,0,63
Prince George,Virginia,234,147,381
Prince William,Virginia,1645,615,2260
Pulaski,Virginia,16,0,16
Rappahannock,Virginia,13,0,13
Richmond,Virginia,37,0,37
Roanoke,Virginia,91,17,108
Rockbridge,Virginia,75,0,75
Rockingham,Virginia,257,57,314
Russell,Virginia,18,0,18
Scott,Virginia,57,0,57
Shenandoah,Virginia,38,0,38
Smyth,Virginia,11,36,47
Southampton,Virginia,69,0,69
Spotsylvania,Virginia,579,131,710
Stafford,Virginia,414,93,507
Surry,Virginia,2,0,2
Sussex,Virginia,31,4,35
Tazewell,Virginia,110,44,154
Warren,Virginia,112,0,112
Washington,Virginia,47,12,59
Westmoreland,Virginia,95,1,96
Wise,Virginia,44,15,59
Wythe,Virginia,52,0,52
York,Virginia,163,224,387
Alexandria city,Virginia,276,68,344
Bristol city,Virginia,0,0,0
Buena Vista city,Virginia,6,8,14
Charlottesville city,Virginia,145,23,168
Chesapeake city,Virginia,428,216,644
Colonial Heights city,Virginia,48,21,69
Covington city,Virginia,0,8,8
Danville city,Virginia,24,30,54
Emporia city,Virginia,3,0,3
Fairfax city,Virginia,45,0,45
Falls Church city,Virginia,23,0,23
Franklin city,Virginia,0,0,0
Fredericksburg city,Virginia,56,46,102
Galax city,Virginia,0,0,0
Hampton city,Virginia,725,203,928
Harrisonburg city,Virginia,14,0,14
Hopewell city,Virginia,24,0,24
Lexington city,Virginia,0,0,0
Lynchburg city,Virginia,209,24,233
Manassas city,Virginia,283,84,367
Manassas Park city,Virginia,47,4,51
Martinsville city,Virginia,89,0,89
Newport News city,Virginia,426,366,792
Norfolk city,Virginia,1006,161,1167
Norton city,Virginia,3,0,3
Petersburg city,Virginia,79,16,95
Poquoson city,Virginia,27,0,27
Portsmouth city,Virginia,467,131,598
Radford city,Virginia,4,10,14
Richmond city,Virginia,937,40,977
Roanoke city,Virginia,186,28,214
Salem city,Virginia,34,20,54
Staunton city,Virginia,71,0,71
Suffolk city,Virginia,170,14,184
Virginia Beach city,Virginia,1164,295,1459
Waynesboro city,Virginia,90,41,131
Williamsburg city,Virginia,77,0,77
Winchester city,Virginia,89,17,106
Adams,Washington,715,0,715
Asotin,Washington,294,35,329
Benton,Washington,1335,145,1480
Chelan,Washington,545,58,603
Clallam,Washington,3515,47,3562
Clark,Washington,2726,3632,6358
Columbia,Washington,1,38,39
Cowlitz,Washington,1561,306,1867
Douglas,Washington,324,85,409
Ferry,Washington,1020,15,1035
Franklin,Washington,940,175,1115
Garfield,Washington,9,0,9
Grant,Washington,1128,59,1187
Grays Harbor,Washington,3191,205,3396
Island,Washington,858,298,1156
Jefferson,Washington,639,80,719
King,Washington,13743,16779,30522
Kitsap,Washington,2708,2150,4858
Kittitas,Washington,340,360,700
Klickitat,Washington,672,3,675
Lewis,Washington,550,148,698
Lincoln,Washington,138,32,170
Mason,Washington,1748,286,2034
Okanogan,Washington,4073,46,4119
Pacific,Washington,302,126,428
Pend Oreille,Washington,499,36,535
Pierce,Washington,10829,12396,23225
San Juan,Washington,146,38,184
Skagit,Washington,2216,307,2523
Skamania,Washington,246,18,264
Snohomish,Washington,6920,4251,11171
Spokane,Washington,7248,2507,9755
Stevens,Washington,2185,22,2207
Thurston,Washington,3939,2378,6317
Wahkiakum,Washington,51,1,52
Walla Walla,Washington,443,90,533
Whatcom,Washington,6537,619,7156
Whitman,Washington,232,91,323
Yakima,Washington,10482,181,10663
Barbour,West Virginia,59,0,59
Berkeley,West Virginia,58,0,58
Boone,West Virginia,8,0,8
Braxton,West Virginia,0,29,29
Brooke,West Virginia,1,40,41
Cabell,West Virginia,171,53,224
Calhoun,West Virginia,11,0,11
Clay,West Virginia,12,22,34
Doddridge,West Virginia,22,0,22
Fayette,West Virginia,104,18,122
Gilmer,West Virginia,29,0,29
Grant,West Virginia,0,0,0
Greenbrier,West Virginia,15,0,15
Hampshire,West Virginia,80,0,80
Hancock,West Virginia,79,8,87
Hardy,West Virginia,77,0,77
Harrison,West Virginia,39,30,69
Jackson,West Virginia,246,0,246
Jefferson,West Virginia,124,0,124
Kanawha,West Virginia,322,0,322
Lewis,West Virginia,38,0,38
Lincoln,West Virginia,0,10,10
Logan,West Virginia,129,6,135
McDowell,West Virginia,24,0,24
Marion,West Virginia,199,0,199
Marshall,West Virginia,131,34,165
Mason,West Virginia,22,0,22
Mercer,West Virginia,146,15,161
Mineral,West Virginia,3,0,3
Mingo,West Virginia,16,0,16
Monongalia,West Virginia,137,0,137
Monroe,West Virginia,73,0,73
Morgan,West Virginia,105,0,105
Nicholas,West Virginia,98,0,98
Ohio,West Virginia,90,0,90
Pendleton,West Virginia,0,0,0
Pleasants,West Virginia,0,0,0
Pocahontas,West Virginia,0,0,0
Preston,West Virginia,210,6,216
Putnam,West Virginia,79,33,112
Raleigh,West Virginia,290,10,300
Randolph,West Virginia,110,0,110
Ritchie,West Virginia,0,0,0
Roane,West Virginia,27,0,27
Summers,West Virginia,27,0,27
Taylor,West Virginia,0,0,0
Tucker,West Virginia,0,0,0
Tyler,West Virginia,15,0,15
Upshur,West Virginia,37,0,37
Wayne,West Virginia,60,0,60
Webster,West Virginia,0,4,4
Wetzel,West Virginia,0,0,0
Wirt,West Virginia,0,0,0
Wood,West Virginia,142,32,174
Wyoming,West Virginia,3,0,3
Adams,Wisconsin,156,0,156
Ashland,Wisconsin,1885,11,1896
Barron,Wisconsin,338,0,338
Bayfield,Wisconsin,1489,0,1489
Brown,Wisconsin,6380,46,6426
Buffalo,Wisconsin,28,0,28
Burnett,Wisconsin,621,0,621
Calumet,Wisconsin,284,2,286
Chippewa,Wisconsin,102,0,102
Clark,Wisconsin,85,1,86
Columbia,Wisconsin,225,16,241
Crawford,Wisconsin,57,0,57
Dane,Wisconsin,1555,178,1733
Dodge,Wisconsin,266,25,291
Door,Wisconsin,199,0,199
Douglas,Wisconsin,678,3,681
Dunn,Wisconsin,107,0,107
Eau Claire,Wisconsin,492,369,861
Florence,Wisconsin,18,0,18
Fond du Lac,Wisconsin,513,11,524
Forest,Wisconsin,1351,7,1358
Grant,Wisconsin,65,12,77
Green,Wisconsin,94,16,110
Green Lake,Wisconsin,60,0,60
Iowa,Wisconsin,54,19,73
Iron,Wisconsin,56,0,56
Jackson,Wisconsin,1154,0,1154
Jefferson,Wisconsin,105,37,142
Juneau,Wisconsin,410,5,415
Kenosha,Wisconsin,663,41,704
Kewaunee,Wisconsin,61,0,61
La Crosse,Wisconsin,397,36,433
Lafayette,Wisconsin,72,0,72
Langlade,Wisconsin,120,3,123
Lincoln,Wisconsin,111,0,111
Manitowoc,Wisconsin,401,4,405
Marathon,Wisconsin,356,54,410
Marinette,Wisconsin,199,11,210
Marquette,Wisconsin,67,0,67
Menominee,Wisconsin,3914,0,3914
Milwaukee,Wisconsin,5552,310,5862
Monroe,Wisconsin,480,10,490
Oconto,Wisconsin,336,0,336
Oneida,Wisconsin,463,17,480
Outagamie,Wisconsin,2969,37,3006
Ozaukee,Wisconsin,237,67,304
Pepin,Wisconsin,10,6,16
Pierce,Wisconsin,73,1,74
Polk,Wisconsin,471,14,485
Portage,Wisconsin,262,11,273
Price,Wisconsin,134,110,244
Racine,Wisconsin,1127,78,1205
Richland,Wisconsin,55,5,60
Rock,Wisconsin,398,28,426
Rusk,Wisconsin,55,22,77
St. Croix,Wisconsin,178,2,180
Sauk,Wisconsin,695,10,705
Sawyer,Wisconsin,2794,5,2799
Shawano,Wisconsin,3060,9,3069
Sheboygan,Wisconsin,279,8,287
Taylor,Wisconsin,50,0,50
Trempealeau,Wisconsin,105,0,105
Vernon,Wisconsin,64,10,74
Vilas,Wisconsin,1844,9,1853
Walworth,Wisconsin,306,38,344
Washburn,Wisconsin,232,42,274
Washington,Wisconsin,294,30,324
Waukesha,Wisconsin,986,141,1127
Waupaca,Wisconsin,245,5,250
Waushara,Wisconsin,104,9,113
Winnebago,Wisconsin,970,20,990
Wood,Wisconsin,406,14,420
Albany,Wyoming,317,10,327
Big Horn,Wyoming,155,18,173
Campbell,Wyoming,416,0,416
Carbon,Wyoming,263,9,272
Converse,Wyoming,8,0,8
Crook,Wyoming,137,0,137
Fremont,Wyoming,8527,8,8535
Goshen,Wyoming,153,0,153
Hot Springs,Wyoming,113,0,113
Johnson,Wyoming,381,0,381
Laramie,Wyoming,707,202,909
Lincoln,Wyoming,100,4,104
Natrona,Wyoming,866,43,909
Niobrara,Wyoming,96,0,96
Park,Wyoming,328,3,331
Platte,Wyoming,7,0,7
Sheridan,Wyoming,368,0,368
Sublette,Wyoming,43,0,43
Sweetwater,Wyoming,742,204,946
Teton,Wyoming,77,35,112
Uinta,Wyoming,160,0,160
Washakie,Wyoming,52,0,52
Weston,Wyoming,37,3,40
Daniels,Montana,14,0,14
Prairie,Montana,18,0,18
King,Texas,0,0,0
Wibaux,Montana,4,0,4
Issaquena,Mississippi,0,0,0
Taliaferro,Georgia,0,0,0
Borden,Texas,0,0,0
Keya Paha,Nebraska,0,0,0
Skagway Municipality,Alaska,55,0,55
Golden Valley,North Dakota,26,0,26
Briscoe,Texas,0,17,17
Hayes,Nebraska,0,0,0
Billings,North Dakota,5,0,5
McCone,Montana,32,0,32
Garza,Texas,49,0,49
Irion,Texas,0,0,0
Barber,Kansas,49,0,49
Musselshell,Montana,8,0,8
Blaine,Nebraska,0,0,0
Kenedy,Texas,0,0,0
Quitman,Georgia,0,5,5
Rush,Kansas,9,0,9
Denali Borough,Alaska,44,0,44
Fallon,Montana,37,0,37
Sierra,California,25,0,25
Daggett,Utah,8,0,8
Eureka,Nevada,96,0,96
Loup,Nebraska,2,0,2
Brown,Nebraska,7,0,7
Potter,South Dakota,42,0,42
Esmeralda,Nevada,7,0,7
Hinsdale,Colorado,24,0,24
Jackson,Colorado,0,0,0
Meagher,Montana,31,0,31
Cheyenne,Colorado,3,3,6
San Juan,Colorado,7,0,7
Valley,Nebraska,16,0,16
Yakutat City and Borough,Alaska,195,16,211
McPherson,Nebraska,0,0,0
Treasure,Montana,0,0,0
Piute,Utah,2,0,2
Hodgeman,Kansas,5,0,5
Harding,South Dakota,41,0,41
Roberts,Texas,0,0,0
Wallace,Kansas,6,0,6
Terrell,Texas,2,0,2
Glasscock,Texas,0,0,0
Greeley,Kansas,7,0,7
Golden Valley,Montana,0,0,0
Kiowa,Colorado,0,0,0
Dolores,Colorado,13,0,13
Sheridan,North Dakota,11,0,11
Banner,Nebraska,0,0,0
Sioux,Nebraska,3,0,3
Maui,Hawaii,236,18272,18508
Arthur,Nebraska,2,0,2
Camas,Idaho,0,0,0
Sterling,Texas,0,0,0
Sully,South Dakota,17,0,17
Lane,Kansas,29,5,34
Boyd,Nebraska,24,0,24
Gove,Kansas,15,0,15
Kent,Texas,14,0,14
Loving,Texas,3,0,3
Stonewall,Texas,31,0,31
Sheridan,Montana,45,0,45
Frontier,Nebraska,20,0,20
Hooker,Nebraska,0,0,0
Campbell,South Dakota,5,0,5
Foard,Texas,0,0,0
Haakon,South Dakota,60,0,60
Grant,Nebraska,0,0,0
Bristol Bay Borough,Alaska,291,2,293
Chase,Nebraska,0,0,0
Mineral,Colorado,9,0,9
Lake and Peninsula Borough,Alaska,926,5,931
Harding,New Mexico,0,2,2
Deuel,Nebraska,29,0,29
De Baca,New Mexico,0,0,0
Liberty,Montana,0,0,0
Perkins,South Dakota,63,0,63
McMullen,Texas,4,0,4
Comanche,Kansas,0,0,0
Dundy,Nebraska,2,0,2
Wheeler,Nebraska,0,0,0
Garden,Nebraska,8,0,8
Hyde,South Dakota,151,0,151
Garfield,Nebraska,0,0,0
Powder River,Montana,25,0,25
Kalawao,Hawaii,2,19,21
Cottle,Texas,5,0,5
Wheeler,Oregon,10,0,10
Petroleum,Montana,0,0,0
McPherson,South Dakota,82,0,82
Motley,Texas,0,0,0
Armstrong,Texas,29,0,29
Hand,South Dakota,0,0,0
Rock,Nebraska,0,0,0
Crockett,Texas,0,0,0
Gilliam,Oregon,82,13,95
Carter,Montana,7,0,7
Throckmorton,Texas,0,0,0
Jones,South Dakota,10,0,10
Alpine,California,311,8,319
Slope,North Dakota,0,0,0
Edwards,Texas,1,0,1
Sharkey,Mississippi,6,0,6
Clark,Idaho,96,0,96
Sherman,Oregon,15,14,29
La Salle,Texas,0,0,0
Logan,Nebraska,4,0,4
Thomas,Nebraska,3,0,3
Garfield,Montana,0,0,0
Oliver,North Dakota,40,0,40
